335 400 400
126 372 -1 1
129 371 -1 1
128 371 -1 1
127 371 -1 1
126 371 -1 1
125 371 -1 1
124 371 -1 1
123 371 -1 1
130 370 -1 1
129 370 -1 1
128 370 -1 1
127 370 -1 1
126 370 -1 1
125 370 -1 1
124 370 -1 1
123 370 -1 1
122 370 -1 1
130 369 -1 1
129 369 -1 1
128 369 -1 1
127 369 -1 1
126 369 -1 1
125 369 -1 1
124 369 -1 1
123 369 -1 1
122 369 -1 1
130 368 -1 1
129 368 -1 1
128 368 -1 1
127 368 -1 1
126 368 -1 1
125 368 -1 1
124 368 -1 1
123 368 -1 1
122 368 -1 1
131 367 -1 1
130 367 -1 1
129 367 -1 1
128 367 -1 1
127 367 -1 1
126 367 -1 1
125 367 -1 1
124 367 -1 1
123 367 -1 1
122 367 -1 1
121 367 -1 1
130 366 -1 1
129 366 -1 1
128 366 -1 1
127 366 -1 1
126 366 -1 1
125 366 -1 1
124 366 -1 1
123 366 -1 1
122 366 -1 1
130 365 -1 1
129 365 -1 1
128 365 -1 1
127 365 -1 1
126 365 -1 1
125 365 -1 1
124 365 -1 1
123 365 -1 1
122 365 -1 1
130 364 -1 1
129 364 -1 1
128 364 -1 1
127 364 -1 1
126 364 -1 1
125 364 -1 1
124 364 -1 1
123 364 -1 1
122 364 -1 1
129 363 -1 1
128 363 -1 1
127 363 -1 1
126 363 -1 1
125 363 -1 1
124 363 -1 1
123 363 -1 1
126 362 -1 1
89 360 -1 1
169 359 -1 1
92 359 -1 1
91 359 -1 1
90 359 -1 1
89 359 -1 1
88 359 -1 1
87 359 -1 1
86 359 -1 1
172 358 -1 1
171 358 -1 1
170 358 -1 1
169 358 -1 1
168 358 -1 1
167 358 -1 1
166 358 -1 1
93 358 -1 1
92 358 -1 1
91 358 -1 1
90 358 -1 1
89 358 -1 1
88 358 -1 1
87 358 -1 1
86 358 -1 1
85 358 -1 1
173 357 -1 1
172 357 -1 1
171 357 -1 1
170 357 -1 1
169 357 -1 1
168 357 -1 1
167 357 -1 1
166 357 -1 1
165 357 -1 1
93 357 -1 1
92 357 -1 1
91 357 -1 1
90 357 -1 1
89 357 -1 1
88 357 -1 1
87 357 -1 1
86 357 -1 1
85 357 -1 1
173 356 -1 1
172 356 -1 1
171 356 -1 1
170 356 -1 1
169 356 -1 1
168 356 -1 1
167 356 -1 1
166 356 -1 1
165 356 -1 1
93 356 -1 1
92 356 -1 1
91 356 -1 1
90 356 -1 1
89 356 -1 1
88 356 -1 1
87 356 -1 1
86 356 -1 1
85 356 -1 1
173 355 -1 1
172 355 -1 1
171 355 -1 1
170 355 -1 1
169 355 -1 1
168 355 -1 1
167 355 -1 1
166 355 -1 1
165 355 -1 1
94 355 -1 1
93 355 -1 1
92 355 -1 1
91 355 -1 1
90 355 -1 1
89 355 -1 1
88 355 -1 1
87 355 -1 1
86 355 -1 1
85 355 -1 1
84 355 -1 1
174 354 -1 1
173 354 -1 1
172 354 -1 1
171 354 -1 1
170 354 -1 1
169 354 -1 1
168 354 -1 1
167 354 -1 1
166 354 -1 1
165 354 -1 1
164 354 -1 1
93 354 -1 1
92 354 -1 1
91 354 -1 1
90 354 -1 1
89 354 -1 1
88 354 -1 1
87 354 -1 1
86 354 -1 1
85 354 -1 1
173 353 -1 1
172 353 -1 1
171 353 -1 1
170 353 -1 1
169 353 -1 1
168 353 -1 1
167 353 -1 1
166 353 -1 1
165 353 -1 1
93 353 -1 1
92 353 -1 1
91 353 -1 1
90 353 -1 1
89 353 -1 1
88 353 -1 1
87 353 -1 1
86 353 -1 1
85 353 -1 1
173 352 -1 1
172 352 -1 1
171 352 -1 1
170 352 -1 1
169 352 -1 1
168 352 -1 1
167 352 -1 1
166 352 -1 1
165 352 -1 1
93 352 -1 1
92 352 -1 1
91 352 -1 1
90 352 -1 1
89 352 -1 1
88 352 -1 1
87 352 -1 1
86 352 -1 1
85 352 -1 1
173 351 -1 1
172 351 -1 1
171 351 -1 1
170 351 -1 1
169 351 -1 1
168 351 -1 1
167 351 -1 1
166 351 -1 1
165 351 -1 1
92 351 -1 1
91 351 -1 1
90 351 -1 1
89 351 -1 1
88 351 -1 1
87 351 -1 1
86 351 -1 1
172 350 -1 1
171 350 -1 1
170 350 -1 1
169 350 -1 1
168 350 -1 1
167 350 -1 1
166 350 -1 1
89 350 -1 1
169 349 -1 1
127 346 -1 1
130 345 -1 1
129 345 -1 1
128 345 -1 1
127 345 -1 1
126 345 -1 1
125 345 -1 1
124 345 -1 1
131 344 -1 1
130 344 -1 1
129 344 -1 1
128 344 -1 1
127 344 -1 1
126 344 -1 1
125 344 -1 1
124 344 -1 1
123 344 -1 1
131 343 -1 1
130 343 -1 1
129 343 -1 1
128 343 -1 1
127 343 -1 1
126 343 -1 1
125 343 -1 1
124 343 -1 1
123 343 -1 1
131 342 -1 1
130 342 -1 1
129 342 -1 1
128 342 -1 1
127 342 -1 1
126 342 -1 1
125 342 -1 1
124 342 -1 1
123 342 -1 1
132 341 -1 1
131 341 -1 1
130 341 -1 1
129 341 -1 1
128 341 -1 1
127 341 -1 1
126 341 -1 1
125 341 -1 1
124 341 -1 1
123 341 -1 1
122 341 -1 1
132 340 -1 1
131 340 -1 1
130 340 -1 1
129 340 -1 1
128 340 -1 1
127 340 -1 1
126 340 -1 1
125 340 -1 1
124 340 -1 1
123 340 -1 1
122 340 -1 1
131 339 -1 1
130 339 -1 1
129 339 -1 1
128 339 -1 1
127 339 -1 1
126 339 -1 1
125 339 -1 1
124 339 -1 1
123 339 -1 1
131 338 -1 1
130 338 -1 1
129 338 -1 1
128 338 -1 1
127 338 -1 1
126 338 -1 1
125 338 -1 1
124 338 -1 1
123 338 -1 1
131 337 -1 1
130 337 -1 1
129 337 -1 1
128 337 -1 1
127 337 -1 1
126 337 -1 1
125 337 -1 1
124 337 -1 1
123 337 -1 1
130 336 -1 1
129 336 -1 1
128 336 -1 1
127 336 -1 1
126 336 -1 1
125 336 -1 1
124 336 -1 1
127 335 -1 1
