2349 400 400
225 340 -1 1
228 339 -1 1
227 339 -1 1
226 339 -1 1
225 339 -1 1
224 339 -1 1
223 339 -1 1
222 339 -1 1
229 338 -1 1
228 338 -1 1
227 338 -1 1
226 338 -1 1
225 338 -1 1
224 338 -1 1
223 338 -1 1
222 338 -1 1
221 338 -1 1
229 337 -1 1
228 337 -1 1
227 337 -1 1
226 337 -1 1
225 337 -1 1
224 337 -1 1
223 337 -1 1
222 337 -1 1
221 337 -1 1
229 336 -1 1
228 336 -1 1
227 336 -1 1
226 336 -1 1
225 336 -1 1
224 336 -1 1
223 336 -1 1
222 336 -1 1
221 336 -1 1
230 335 -1 1
229 335 -1 1
228 335 -1 1
227 335 -1 1
226 335 -1 1
225 335 -1 1
224 335 -1 1
223 335 -1 1
222 335 -1 1
221 335 -1 1
220 335 -1 1
229 334 -1 1
228 334 -1 1
227 334 -1 1
226 334 -1 1
225 334 -1 1
224 334 -1 1
223 334 -1 1
222 334 -1 1
221 334 -1 1
138 334 -1 0
229 333 -1 1
228 333 -1 1
227 333 -1 1
226 333 -1 1
225 333 -1 1
224 333 -1 1
223 333 -1 1
222 333 -1 1
221 333 -1 1
141 333 -1 0
140 333 -1 0
139 333 -1 0
138 333 -1 0
137 333 -1 0
136 333 -1 0
135 333 -1 0
229 332 -1 1
228 332 -1 1
227 332 -1 1
226 332 -1 1
225 332 -1 1
224 332 -1 1
223 332 -1 1
222 332 -1 1
221 332 -1 1
142 332 -1 0
141 332 -1 0
140 332 -1 0
139 332 -1 0
138 332 -1 0
137 332 -1 0
136 332 -1 0
135 332 -1 0
134 332 -1 0
351 331 -1 0
350 331 -1 0
228 331 -1 1
227 331 -1 1
226 331 -1 1
225 331 -1 1
224 331 -1 1
223 331 -1 1
222 331 -1 1
142 331 -1 0
141 331 -1 0
140 331 -1 0
139 331 -1 0
138 331 -1 0
137 331 -1 0
136 331 -1 0
135 331 -1 0
134 331 -1 0
354 330 -1 0
353 330 -1 0
352 330 -1 0
351 330 -1 0
350 330 -1 0
349 330 -1 0
348 330 -1 0
347 330 -1 0
225 330 -1 1
142 330 -1 0
141 330 -1 0
140 330 -1 0
139 330 -1 0
138 330 -1 0
137 330 -1 0
136 330 -1 0
135 330 -1 0
134 330 -1 0
355 329 -1 0
354 329 -1 0
353 329 -1 0
352 329 -1 0
351 329 -1 0
350 329 -1 0
349 329 -1 0
348 329 -1 0
347 329 -1 0
346 329 -1 0
143 329 -1 0
142 329 -1 0
141 329 -1 0
140 329 -1 0
139 329 -1 0
138 329 -1 0
137 329 -1 0
136 329 -1 0
135 329 -1 0
134 329 -1 0
133 329 -1 0
356 328 -1 0
355 328 -1 0
354 328 -1 0
353 328 -1 0
352 328 -1 0
351 328 -1 0
350 328 -1 0
349 328 -1 0
348 328 -1 0
347 328 -1 0
346 328 -1 0
143 328 -1 0
142 328 -1 0
141 328 -1 0
140 328 -1 0
139 328 -1 0
138 328 -1 0
137 328 -1 0
136 328 -1 0
135 328 -1 0
134 328 -1 0
133 328 -1 0
356 327 -1 0
355 327 -1 0
354 327 -1 0
353 327 -1 0
352 327 -1 0
351 327 -1 0
350 327 -1 0
349 327 -1 0
348 327 -1 0
347 327 -1 0
346 327 -1 0
143 327 -1 0
142 327 -1 0
141 327 -1 0
140 327 -1 0
139 327 -1 0
138 327 -1 0
137 327 -1 0
136 327 -1 0
135 327 -1 0
134 327 -1 0
133 327 -1 0
356 326 -1 0
355 326 -1 0
354 326 -1 0
353 326 -1 0
352 326 -1 0
351 326 -1 0
350 326 -1 0
349 326 -1 0
348 326 -1 0
347 326 -1 0
346 326 -1 0
345 326 -1 0
143 326 -1 0
142 326 -1 0
141 326 -1 0
140 326 -1 0
139 326 -1 0
138 326 -1 0
137 326 -1 0
136 326 -1 0
135 326 -1 0
134 326 -1 0
133 326 -1 0
357 325 -1 0
356 325 -1 0
355 325 -1 0
354 325 -1 0
353 325 -1 0
352 325 -1 0
351 325 -1 0
350 325 -1 0
349 325 -1 0
348 325 -1 0
347 325 -1 0
346 325 -1 0
143 325 -1 0
142 325 -1 0
141 325 -1 0
140 325 -1 0
139 325 -1 0
138 325 -1 0
137 325 -1 0
136 325 -1 0
135 325 -1 0
134 325 -1 0
133 325 -1 0
358 324 -1 0
357 324 -1 0
356 324 -1 0
355 324 -1 0
354 324 -1 0
353 324 -1 0
352 324 -1 0
351 324 -1 0
350 324 -1 0
349 324 -1 0
348 324 -1 0
347 324 -1 0
346 324 -1 0
143 324 -1 0
142 324 -1 0
141 324 -1 0
140 324 -1 0
139 324 -1 0
138 324 -1 0
137 324 -1 0
136 324 -1 0
135 324 -1 0
134 324 -1 0
133 324 -1 0
359 323 -1 0
358 323 -1 0
357 323 -1 0
356 323 -1 0
355 323 -1 0
354 323 -1 0
353 323 -1 0
352 323 -1 0
351 323 -1 0
350 323 -1 0
349 323 -1 0
348 323 -1 0
347 323 -1 0
346 323 -1 0
144 323 -1 0
143 323 -1 0
142 323 -1 0
141 323 -1 0
140 323 -1 0
139 323 -1 0
138 323 -1 0
137 323 -1 0
136 323 -1 0
135 323 -1 0
134 323 -1 0
133 323 -1 0
360 322 -1 0
359 322 -1 0
358 322 -1 0
357 322 -1 0
356 322 -1 0
355 322 -1 0
354 322 -1 0
353 322 -1 0
352 322 -1 0
351 322 -1 0
350 322 -1 0
349 322 -1 0
348 322 -1 0
347 322 -1 0
144 322 -1 0
143 322 -1 0
142 322 -1 0
141 322 -1 0
140 322 -1 0
139 322 -1 0
138 322 -1 0
137 322 -1 0
136 322 -1 0
135 322 -1 0
134 322 -1 0
360 321 -1 0
359 321 -1 0
358 321 -1 0
357 321 -1 0
356 321 -1 0
355 321 -1 0
354 321 -1 0
353 321 -1 0
352 321 -1 0
351 321 -1 0
350 321 -1 0
349 321 -1 0
348 321 -1 0
144 321 -1 0
143 321 -1 0
142 321 -1 0
141 321 -1 0
140 321 -1 0
139 321 -1 0
138 321 -1 0
137 321 -1 0
136 321 -1 0
135 321 -1 0
134 321 -1 0
361 320 -1 0
360 320 -1 0
359 320 -1 0
358 320 -1 0
357 320 -1 0
356 320 -1 0
355 320 -1 0
354 320 -1 0
353 320 -1 0
352 320 -1 0
351 320 -1 0
350 320 -1 0
349 320 -1 0
348 320 -1 0
144 320 -1 0
143 320 -1 0
142 320 -1 0
141 320 -1 0
140 320 -1 0
139 320 -1 0
138 320 -1 0
137 320 -1 0
136 320 -1 0
135 320 -1 0
134 320 -1 0
361 319 -1 0
360 319 -1 0
359 319 -1 0
358 319 -1 0
357 319 -1 0
356 319 -1 0
355 319 -1 0
354 319 -1 0
353 319 -1 0
352 319 -1 0
351 319 -1 0
350 319 -1 0
349 319 -1 0
348 319 -1 0
145 319 -1 0
144 319 -1 0
143 319 -1 0
142 319 -1 0
141 319 -1 0
140 319 -1 0
139 319 -1 0
138 319 -1 0
137 319 -1 0
136 319 -1 0
135 319 -1 0
134 319 -1 0
361 318 -1 0
360 318 -1 0
359 318 -1 0
358 318 -1 0
357 318 -1 0
356 318 -1 0
355 318 -1 0
354 318 -1 0
353 318 -1 0
352 318 -1 0
351 318 -1 0
350 318 -1 0
349 318 -1 0
145 318 -1 0
144 318 -1 0
143 318 -1 0
142 318 -1 0
141 318 -1 0
140 318 -1 0
139 318 -1 0
138 318 -1 0
137 318 -1 0
136 318 -1 0
135 318 -1 0
362 317 -1 0
361 317 -1 0
360 317 -1 0
359 317 -1 0
358 317 -1 0
357 317 -1 0
356 317 -1 0
355 317 -1 0
354 317 -1 0
353 317 -1 0
352 317 -1 0
351 317 -1 0
350 317 -1 0
145 317 -1 0
144 317 -1 0
143 317 -1 0
142 317 -1 0
141 317 -1 0
140 317 -1 0
139 317 -1 0
138 317 -1 0
137 317 -1 0
136 317 -1 0
135 317 -1 0
362 316 -1 0
361 316 -1 0
360 316 -1 0
359 316 -1 0
358 316 -1 0
357 316 -1 0
356 316 -1 0
355 316 -1 0
354 316 -1 0
353 316 -1 0
352 316 -1 0
351 316 -1 0
145 316 -1 0
144 316 -1 0
143 316 -1 0
142 316 -1 0
141 316 -1 0
140 316 -1 0
139 316 -1 0
138 316 -1 0
137 316 -1 0
136 316 -1 0
135 316 -1 0
363 315 -1 0
362 315 -1 0
361 315 -1 0
360 315 -1 0
359 315 -1 0
358 315 -1 0
357 315 -1 0
356 315 -1 0
355 315 -1 0
354 315 -1 0
353 315 -1 0
352 315 -1 0
145 315 -1 0
144 315 -1 0
143 315 -1 0
142 315 -1 0
141 315 -1 0
140 315 -1 0
139 315 -1 0
138 315 -1 0
137 315 -1 0
136 315 -1 0
135 315 -1 0
363 314 -1 0
362 314 -1 0
361 314 -1 0
360 314 -1 0
359 314 -1 0
358 314 -1 0
357 314 -1 0
356 314 -1 0
355 314 -1 0
354 314 -1 0
353 314 -1 0
352 314 -1 0
146 314 -1 0
145 314 -1 0
144 314 -1 0
143 314 -1 0
142 314 -1 0
141 314 -1 0
140 314 -1 0
139 314 -1 0
138 314 -1 0
137 314 -1 0
136 314 -1 0
364 313 -1 0
363 313 -1 0
362 313 -1 0
361 313 -1 0
360 313 -1 0
359 313 -1 0
358 313 -1 0
357 313 -1 0
356 313 -1 0
355 313 -1 0
354 313 -1 0
353 313 -1 0
147 313 -1 0
146 313 -1 0
145 313 -1 0
144 313 -1 0
143 313 -1 0
142 313 -1 0
141 313 -1 0
140 313 -1 0
139 313 -1 0
138 313 -1 0
137 313 -1 0
136 313 -1 0
364 312 -1 0
363 312 -1 0
362 312 -1 0
361 312 -1 0
360 312 -1 0
359 312 -1 0
358 312 -1 0
357 312 -1 0
356 312 -1 0
355 312 -1 0
354 312 -1 0
353 312 -1 0
147 312 -1 0
146 312 -1 0
145 312 -1 0
144 312 -1 0
143 312 -1 0
142 312 -1 0
141 312 -1 0
140 312 -1 0
139 312 -1 0
138 312 -1 0
137 312 -1 0
136 312 -1 0
365 311 -1 0
364 311 -1 0
363 311 -1 0
362 311 -1 0
361 311 -1 0
360 311 -1 0
359 311 -1 0
358 311 -1 0
357 311 -1 0
356 311 -1 0
355 311 -1 0
354 311 -1 0
147 311 -1 0
146 311 -1 0
145 311 -1 0
144 311 -1 0
143 311 -1 0
142 311 -1 0
141 311 -1 0
140 311 -1 0
139 311 -1 0
138 311 -1 0
137 311 -1 0
366 310 -1 0
365 310 -1 0
364 310 -1 0
363 310 -1 0
362 310 -1 0
361 310 -1 0
360 310 -1 0
359 310 -1 0
358 310 -1 0
357 310 -1 0
356 310 -1 0
355 310 -1 0
354 310 -1 0
148 310 -1 0
147 310 -1 0
146 310 -1 0
145 310 -1 0
144 310 -1 0
143 310 -1 0
142 310 -1 0
141 310 -1 0
140 310 -1 0
139 310 -1 0
138 310 -1 0
137 310 -1 0
366 309 -1 0
365 309 -1 0
364 309 -1 0
363 309 -1 0
362 309 -1 0
361 309 -1 0
360 309 -1 0
359 309 -1 0
358 309 -1 0
357 309 -1 0
356 309 -1 0
355 309 -1 0
354 309 -1 0
148 309 -1 0
147 309 -1 0
146 309 -1 0
145 309 -1 0
144 309 -1 0
143 309 -1 0
142 309 -1 0
141 309 -1 0
140 309 -1 0
139 309 -1 0
138 309 -1 0
137 309 -1 0
368 308 -1 0
367 308 -1 0
366 308 -1 0
365 308 -1 0
364 308 -1 0
363 308 -1 0
362 308 -1 0
361 308 -1 0
360 308 -1 0
359 308 -1 0
358 308 -1 0
357 308 -1 0
356 308 -1 0
355 308 -1 0
148 308 -1 0
147 308 -1 0
146 308 -1 0
145 308 -1 0
144 308 -1 0
143 308 -1 0
142 308 -1 0
141 308 -1 0
140 308 -1 0
139 308 -1 0
138 308 -1 0
369 307 -1 0
368 307 -1 0
367 307 -1 0
366 307 -1 0
365 307 -1 0
364 307 -1 0
363 307 -1 0
362 307 -1 0
361 307 -1 0
360 307 -1 0
359 307 -1 0
358 307 -1 0
357 307 -1 0
356 307 -1 0
355 307 -1 0
148 307 -1 0
147 307 -1 0
146 307 -1 0
145 307 -1 0
144 307 -1 0
143 307 -1 0
142 307 -1 0
141 307 -1 0
140 307 -1 0
139 307 -1 0
138 307 -1 0
369 306 -1 0
368 306 -1 0
367 306 -1 0
366 306 -1 0
365 306 -1 0
364 306 -1 0
363 306 -1 0
362 306 -1 0
361 306 -1 0
360 306 -1 0
359 306 -1 0
358 306 -1 0
357 306 -1 0
356 306 -1 0
148 306 -1 0
147 306 -1 0
146 306 -1 0
145 306 -1 0
144 306 -1 0
143 306 -1 0
142 306 -1 0
141 306 -1 0
140 306 -1 0
139 306 -1 0
138 306 -1 0
370 305 -1 0
369 305 -1 0
368 305 -1 0
367 305 -1 0
366 305 -1 0
365 305 -1 0
364 305 -1 0
363 305 -1 0
362 305 -1 0
361 305 -1 0
360 305 -1 0
359 305 -1 0
358 305 -1 0
357 305 -1 0
148 305 -1 0
147 305 -1 0
146 305 -1 0
145 305 -1 0
144 305 -1 0
143 305 -1 0
142 305 -1 0
141 305 -1 0
140 305 -1 0
139 305 -1 0
138 305 -1 0
371 304 -1 0
370 304 -1 0
369 304 -1 0
368 304 -1 0
367 304 -1 0
366 304 -1 0
365 304 -1 0
364 304 -1 0
363 304 -1 0
362 304 -1 0
361 304 -1 0
360 304 -1 0
359 304 -1 0
358 304 -1 0
357 304 -1 0
242 304 -1 1
148 304 -1 0
147 304 -1 0
146 304 -1 0
145 304 -1 0
144 304 -1 0
143 304 -1 0
142 304 -1 0
141 304 -1 0
140 304 -1 0
139 304 -1 0
138 304 -1 0
372 303 -1 0
371 303 -1 0
370 303 -1 0
369 303 -1 0
368 303 -1 0
367 303 -1 0
366 303 -1 0
365 303 -1 0
364 303 -1 0
363 303 -1 0
362 303 -1 0
361 303 -1 0
360 303 -1 0
359 303 -1 0
358 303 -1 0
245 303 -1 1
244 303 -1 1
243 303 -1 1
242 303 -1 1
241 303 -1 1
240 303 -1 1
239 303 -1 1
148 303 -1 0
147 303 -1 0
146 303 -1 0
145 303 -1 0
144 303 -1 0
143 303 -1 0
142 303 -1 0
141 303 -1 0
140 303 -1 0
139 303 -1 0
138 303 -1 0
372 302 -1 0
371 302 -1 0
370 302 -1 0
369 302 -1 0
368 302 -1 0
367 302 -1 0
366 302 -1 0
365 302 -1 0
364 302 -1 0
363 302 -1 0
362 302 -1 0
361 302 -1 0
360 302 -1 0
359 302 -1 0
358 302 -1 0
246 302 -1 1
245 302 -1 1
244 302 -1 1
243 302 -1 1
242 302 -1 1
241 302 -1 1
240 302 -1 1
239 302 -1 1
238 302 -1 1
148 302 -1 0
147 302 -1 0
146 302 -1 0
145 302 -1 0
144 302 -1 0
143 302 -1 0
142 302 -1 0
141 302 -1 0
140 302 -1 0
139 302 -1 0
138 302 -1 0
373 301 -1 0
372 301 -1 0
371 301 -1 0
370 301 -1 0
369 301 -1 0
368 301 -1 0
367 301 -1 0
366 301 -1 0
365 301 -1 0
364 301 -1 0
363 301 -1 0
362 301 -1 0
361 301 -1 0
360 301 -1 0
359 301 -1 0
246 301 -1 1
245 301 -1 1
244 301 -1 1
243 301 -1 1
242 301 -1 1
241 301 -1 1
240 301 -1 1
239 301 -1 1
238 301 -1 1
148 301 -1 0
147 301 -1 0
146 301 -1 0
145 301 -1 0
144 301 -1 0
143 301 -1 0
142 301 -1 0
141 301 -1 0
140 301 -1 0
139 301 -1 0
138 301 -1 0
374 300 -1 0
373 300 -1 0
372 300 -1 0
371 300 -1 0
370 300 -1 0
369 300 -1 0
368 300 -1 0
367 300 -1 0
366 300 -1 0
365 300 -1 0
364 300 -1 0
363 300 -1 0
362 300 -1 0
361 300 -1 0
360 300 -1 0
246 300 -1 1
245 300 -1 1
244 300 -1 1
243 300 -1 1
242 300 -1 1
241 300 -1 1
240 300 -1 1
239 300 -1 1
238 300 -1 1
148 300 -1 0
147 300 -1 0
146 300 -1 0
145 300 -1 0
144 300 -1 0
143 300 -1 0
142 300 -1 0
141 300 -1 0
140 300 -1 0
139 300 -1 0
138 300 -1 0
375 299 -1 0
374 299 -1 0
373 299 -1 0
372 299 -1 0
371 299 -1 0
370 299 -1 0
369 299 -1 0
368 299 -1 0
367 299 -1 0
366 299 -1 0
365 299 -1 0
364 299 -1 0
363 299 -1 0
362 299 -1 0
247 299 -1 1
246 299 -1 1
245 299 -1 1
244 299 -1 1
243 299 -1 1
242 299 -1 1
241 299 -1 1
240 299 -1 1
239 299 -1 1
238 299 -1 1
237 299 -1 1
149 299 -1 0
148 299 -1 0
147 299 -1 0
146 299 -1 0
145 299 -1 0
144 299 -1 0
143 299 -1 0
142 299 -1 0
141 299 -1 0
140 299 -1 0
139 299 -1 0
138 299 -1 0
376 298 -1 0
375 298 -1 0
374 298 -1 0
373 298 -1 0
372 298 -1 0
371 298 -1 0
370 298 -1 0
369 298 -1 0
368 298 -1 0
367 298 -1 0
366 298 -1 0
365 298 -1 0
364 298 -1 0
363 298 -1 0
362 298 -1 0
246 298 -1 1
245 298 -1 1
244 298 -1 1
243 298 -1 1
242 298 -1 1
241 298 -1 1
240 298 -1 1
239 298 -1 1
238 298 -1 1
148 298 -1 0
147 298 -1 0
146 298 -1 0
145 298 -1 0
144 298 -1 0
143 298 -1 0
142 298 -1 0
141 298 -1 0
140 298 -1 0
139 298 -1 0
378 297 -1 0
377 297 -1 0
376 297 -1 0
375 297 -1 0
374 297 -1 0
373 297 -1 0
372 297 -1 0
371 297 -1 0
370 297 -1 0
369 297 -1 0
368 297 -1 0
367 297 -1 0
366 297 -1 0
365 297 -1 0
364 297 -1 0
363 297 -1 0
246 297 -1 1
245 297 -1 1
244 297 -1 1
243 297 -1 1
242 297 -1 1
241 297 -1 1
240 297 -1 1
239 297 -1 1
238 297 -1 1
218 297 -1 1
148 297 -1 0
147 297 -1 0
146 297 -1 0
145 297 -1 0
144 297 -1 0
143 297 -1 0
142 297 -1 0
141 297 -1 0
140 297 -1 0
139 297 -1 0
380 296 -1 0
379 296 -1 0
378 296 -1 0
377 296 -1 0
376 296 -1 0
375 296 -1 0
374 296 -1 0
373 296 -1 0
372 296 -1 0
371 296 -1 0
370 296 -1 0
369 296 -1 0
368 296 -1 0
367 296 -1 0
366 296 -1 0
365 296 -1 0
364 296 -1 0
246 296 -1 1
245 296 -1 1
244 296 -1 1
243 296 -1 1
242 296 -1 1
241 296 -1 1
240 296 -1 1
239 296 -1 1
238 296 -1 1
221 296 -1 1
220 296 -1 1
219 296 -1 1
218 296 -1 1
217 296 -1 1
216 296 -1 1
215 296 -1 1
148 296 -1 0
147 296 -1 0
146 296 -1 0
145 296 -1 0
144 296 -1 0
143 296 -1 0
142 296 -1 0
141 296 -1 0
140 296 -1 0
139 296 -1 0
382 295 -1 0
381 295 -1 0
380 295 -1 0
379 295 -1 0
378 295 -1 0
377 295 -1 0
376 295 -1 0
375 295 -1 0
374 295 -1 0
373 295 -1 0
372 295 -1 0
371 295 -1 0
370 295 -1 0
369 295 -1 0
368 295 -1 0
367 295 -1 0
366 295 -1 0
365 295 -1 0
364 295 -1 0
245 295 -1 1
244 295 -1 1
243 295 -1 1
242 295 -1 1
241 295 -1 1
240 295 -1 1
239 295 -1 1
222 295 -1 1
221 295 -1 1
220 295 -1 1
219 295 -1 1
218 295 -1 1
217 295 -1 1
216 295 -1 1
215 295 -1 1
214 295 -1 1
147 295 -1 0
146 295 -1 0
145 295 -1 0
144 295 -1 0
143 295 -1 0
142 295 -1 0
141 295 -1 0
140 295 -1 0
383 294 -1 0
382 294 -1 0
381 294 -1 0
380 294 -1 0
379 294 -1 0
378 294 -1 0
377 294 -1 0
376 294 -1 0
375 294 -1 0
374 294 -1 0
373 294 -1 0
372 294 -1 0
371 294 -1 0
370 294 -1 0
369 294 -1 0
368 294 -1 0
367 294 -1 0
366 294 -1 0
365 294 -1 0
242 294 -1 1
222 294 -1 1
221 294 -1 1
220 294 -1 1
219 294 -1 1
218 294 -1 1
217 294 -1 1
216 294 -1 1
215 294 -1 1
214 294 -1 1
144 294 -1 0
143 294 -1 0
384 293 -1 0
383 293 -1 0
382 293 -1 0
381 293 -1 0
380 293 -1 0
379 293 -1 0
378 293 -1 0
377 293 -1 0
376 293 -1 0
375 293 -1 0
374 293 -1 0
373 293 -1 0
372 293 -1 0
371 293 -1 0
370 293 -1 0
369 293 -1 0
368 293 -1 0
367 293 -1 0
366 293 -1 0
222 293 -1 1
221 293 -1 1
220 293 -1 1
219 293 -1 1
218 293 -1 1
217 293 -1 1
216 293 -1 1
215 293 -1 1
214 293 -1 1
384 292 -1 0
383 292 -1 0
382 292 -1 0
381 292 -1 0
380 292 -1 0
379 292 -1 0
378 292 -1 0
377 292 -1 0
376 292 -1 0
375 292 -1 0
374 292 -1 0
373 292 -1 0
372 292 -1 0
371 292 -1 0
370 292 -1 0
369 292 -1 0
368 292 -1 0
367 292 -1 0
223 292 -1 1
222 292 -1 1
221 292 -1 1
220 292 -1 1
219 292 -1 1
218 292 -1 1
217 292 -1 1
216 292 -1 1
215 292 -1 1
214 292 -1 1
213 292 -1 1
384 291 -1 0
383 291 -1 0
382 291 -1 0
381 291 -1 0
380 291 -1 0
379 291 -1 0
378 291 -1 0
377 291 -1 0
376 291 -1 0
375 291 -1 0
374 291 -1 0
373 291 -1 0
372 291 -1 0
371 291 -1 0
370 291 -1 0
369 291 -1 0
368 291 -1 0
222 291 -1 1
221 291 -1 1
220 291 -1 1
219 291 -1 1
218 291 -1 1
217 291 -1 1
216 291 -1 1
215 291 -1 1
214 291 -1 1
385 290 -1 0
384 290 -1 0
383 290 -1 0
382 290 -1 0
381 290 -1 0
380 290 -1 0
379 290 -1 0
378 290 -1 0
377 290 -1 0
376 290 -1 0
375 290 -1 0
374 290 -1 0
373 290 -1 0
372 290 -1 0
371 290 -1 0
370 290 -1 0
369 290 -1 0
222 290 -1 1
221 290 -1 1
220 290 -1 1
219 290 -1 1
218 290 -1 1
217 290 -1 1
216 290 -1 1
215 290 -1 1
214 290 -1 1
384 289 -1 0
383 289 -1 0
382 289 -1 0
381 289 -1 0
380 289 -1 0
379 289 -1 0
378 289 -1 0
377 289 -1 0
376 289 -1 0
375 289 -1 0
374 289 -1 0
373 289 -1 0
372 289 -1 0
371 289 -1 0
222 289 -1 1
221 289 -1 1
220 289 -1 1
219 289 -1 1
218 289 -1 1
217 289 -1 1
216 289 -1 1
215 289 -1 1
214 289 -1 1
384 288 -1 0
383 288 -1 0
382 288 -1 0
381 288 -1 0
380 288 -1 0
379 288 -1 0
378 288 -1 0
377 288 -1 0
376 288 -1 0
375 288 -1 0
374 288 -1 0
373 288 -1 0
372 288 -1 0
221 288 -1 1
220 288 -1 1
219 288 -1 1
218 288 -1 1
217 288 -1 1
216 288 -1 1
215 288 -1 1
384 287 -1 0
383 287 -1 0
382 287 -1 0
381 287 -1 0
380 287 -1 0
379 287 -1 0
378 287 -1 0
377 287 -1 0
376 287 -1 0
375 287 -1 0
374 287 -1 0
218 287 -1 1
383 286 -1 0
382 286 -1 0
381 286 -1 0
380 286 -1 0
379 286 -1 0
378 286 -1 0
377 286 -1 0
380 285 -1 0
305 279 -1 0
308 278 -1 0
307 278 -1 0
306 278 -1 0
305 278 -1 0
304 278 -1 0
303 278 -1 0
302 278 -1 0
309 277 -1 0
308 277 -1 0
307 277 -1 0
306 277 -1 0
305 277 -1 0
304 277 -1 0
303 277 -1 0
302 277 -1 0
301 277 -1 0
309 276 -1 0
308 276 -1 0
307 276 -1 0
306 276 -1 0
305 276 -1 0
304 276 -1 0
303 276 -1 0
302 276 -1 0
301 276 -1 0
309 275 -1 0
308 275 -1 0
307 275 -1 0
306 275 -1 0
305 275 -1 0
304 275 -1 0
303 275 -1 0
302 275 -1 0
301 275 -1 0
300 275 -1 0
310 274 -1 0
309 274 -1 0
308 274 -1 0
307 274 -1 0
306 274 -1 0
305 274 -1 0
304 274 -1 0
303 274 -1 0
302 274 -1 0
301 274 -1 0
300 274 -1 0
299 274 -1 0
310 273 -1 0
309 273 -1 0
308 273 -1 0
307 273 -1 0
306 273 -1 0
305 273 -1 0
304 273 -1 0
303 273 -1 0
302 273 -1 0
301 273 -1 0
300 273 -1 0
299 273 -1 0
309 272 -1 0
308 272 -1 0
307 272 -1 0
306 272 -1 0
305 272 -1 0
304 272 -1 0
303 272 -1 0
302 272 -1 0
301 272 -1 0
300 272 -1 0
299 272 -1 0
309 271 -1 0
308 271 -1 0
307 271 -1 0
306 271 -1 0
305 271 -1 0
304 271 -1 0
303 271 -1 0
302 271 -1 0
301 271 -1 0
300 271 -1 0
299 271 -1 0
298 271 -1 0
309 270 -1 0
308 270 -1 0
307 270 -1 0
306 270 -1 0
305 270 -1 0
304 270 -1 0
303 270 -1 0
302 270 -1 0
301 270 -1 0
300 270 -1 0
299 270 -1 0
298 270 -1 0
308 269 -1 0
307 269 -1 0
306 269 -1 0
305 269 -1 0
304 269 -1 0
303 269 -1 0
302 269 -1 0
301 269 -1 0
300 269 -1 0
299 269 -1 0
298 269 -1 0
297 269 -1 0
308 268 -1 0
307 268 -1 0
306 268 -1 0
305 268 -1 0
304 268 -1 0
303 268 -1 0
302 268 -1 0
301 268 -1 0
300 268 -1 0
299 268 -1 0
298 268 -1 0
297 268 -1 0
307 267 -1 0
306 267 -1 0
305 267 -1 0
304 267 -1 0
303 267 -1 0
302 267 -1 0
301 267 -1 0
300 267 -1 0
299 267 -1 0
298 267 -1 0
297 267 -1 0
296 267 -1 0
307 266 -1 0
306 266 -1 0
305 266 -1 0
304 266 -1 0
303 266 -1 0
302 266 -1 0
301 266 -1 0
300 266 -1 0
299 266 -1 0
298 266 -1 0
297 266 -1 0
296 266 -1 0
306 265 -1 0
305 265 -1 0
304 265 -1 0
303 265 -1 0
302 265 -1 0
301 265 -1 0
300 265 -1 0
299 265 -1 0
298 265 -1 0
297 265 -1 0
296 265 -1 0
306 264 -1 0
305 264 -1 0
304 264 -1 0
303 264 -1 0
302 264 -1 0
301 264 -1 0
300 264 -1 0
299 264 -1 0
298 264 -1 0
297 264 -1 0
296 264 -1 0
295 264 -1 0
306 263 -1 0
305 263 -1 0
304 263 -1 0
303 263 -1 0
302 263 -1 0
301 263 -1 0
300 263 -1 0
299 263 -1 0
298 263 -1 0
297 263 -1 0
296 263 -1 0
305 262 -1 0
304 262 -1 0
303 262 -1 0
302 262 -1 0
301 262 -1 0
300 262 -1 0
299 262 -1 0
298 262 -1 0
297 262 -1 0
296 262 -1 0
295 262 -1 0
305 261 -1 0
304 261 -1 0
303 261 -1 0
302 261 -1 0
301 261 -1 0
300 261 -1 0
299 261 -1 0
298 261 -1 0
297 261 -1 0
296 261 -1 0
295 261 -1 0
304 260 -1 0
303 260 -1 0
302 260 -1 0
301 260 -1 0
300 260 -1 0
299 260 -1 0
298 260 -1 0
297 260 -1 0
296 260 -1 0
295 260 -1 0
304 259 -1 0
303 259 -1 0
302 259 -1 0
301 259 -1 0
300 259 -1 0
299 259 -1 0
298 259 -1 0
297 259 -1 0
296 259 -1 0
295 259 -1 0
294 259 -1 0
247 259 -1 1
304 258 -1 0
303 258 -1 0
302 258 -1 0
301 258 -1 0
300 258 -1 0
299 258 -1 0
298 258 -1 0
297 258 -1 0
296 258 -1 0
295 258 -1 0
294 258 -1 0
250 258 -1 1
249 258 -1 1
248 258 -1 1
247 258 -1 1
246 258 -1 1
245 258 -1 1
244 258 -1 1
303 257 -1 0
302 257 -1 0
301 257 -1 0
300 257 -1 0
299 257 -1 0
298 257 -1 0
297 257 -1 0
296 257 -1 0
295 257 -1 0
294 257 -1 0
293 257 -1 0
251 257 -1 1
250 257 -1 1
249 257 -1 1
248 257 -1 1
247 257 -1 1
246 257 -1 1
245 257 -1 1
244 257 -1 1
243 257 -1 1
303 256 -1 0
302 256 -1 0
301 256 -1 0
300 256 -1 0
299 256 -1 0
298 256 -1 0
297 256 -1 0
296 256 -1 0
295 256 -1 0
294 256 -1 0
293 256 -1 0
292 256 -1 0
251 256 -1 1
250 256 -1 1
249 256 -1 1
248 256 -1 1
247 256 -1 1
246 256 -1 1
245 256 -1 1
244 256 -1 1
243 256 -1 1
303 255 -1 0
302 255 -1 0
301 255 -1 0
300 255 -1 0
299 255 -1 0
298 255 -1 0
297 255 -1 0
296 255 -1 0
295 255 -1 0
294 255 -1 0
293 255 -1 0
292 255 -1 0
251 255 -1 1
250 255 -1 1
249 255 -1 1
248 255 -1 1
247 255 -1 1
246 255 -1 1
245 255 -1 1
244 255 -1 1
243 255 -1 1
303 254 -1 0
302 254 -1 0
301 254 -1 0
300 254 -1 0
299 254 -1 0
298 254 -1 0
297 254 -1 0
296 254 -1 0
295 254 -1 0
294 254 -1 0
293 254 -1 0
292 254 -1 0
252 254 -1 1
251 254 -1 1
250 254 -1 1
249 254 -1 1
248 254 -1 1
247 254 -1 1
246 254 -1 1
245 254 -1 1
244 254 -1 1
243 254 -1 1
242 254 -1 1
302 253 -1 0
301 253 -1 0
300 253 -1 0
299 253 -1 0
298 253 -1 0
297 253 -1 0
296 253 -1 0
295 253 -1 0
294 253 -1 0
293 253 -1 0
292 253 -1 0
291 253 -1 0
251 253 -1 1
250 253 -1 1
249 253 -1 1
248 253 -1 1
247 253 -1 1
246 253 -1 1
245 253 -1 1
244 253 -1 1
243 253 -1 1
302 252 -1 0
301 252 -1 0
300 252 -1 0
299 252 -1 0
298 252 -1 0
297 252 -1 0
296 252 -1 0
295 252 -1 0
294 252 -1 0
293 252 -1 0
292 252 -1 0
291 252 -1 0
251 252 -1 1
250 252 -1 1
249 252 -1 1
248 252 -1 1
247 252 -1 1
246 252 -1 1
245 252 -1 1
244 252 -1 1
243 252 -1 1
302 251 -1 0
301 251 -1 0
300 251 -1 0
299 251 -1 0
298 251 -1 0
297 251 -1 0
296 251 -1 0
295 251 -1 0
294 251 -1 0
293 251 -1 0
292 251 -1 0
291 251 -1 0
251 251 -1 1
250 251 -1 1
249 251 -1 1
248 251 -1 1
247 251 -1 1
246 251 -1 1
245 251 -1 1
244 251 -1 1
243 251 -1 1
301 250 -1 0
300 250 -1 0
299 250 -1 0
298 250 -1 0
297 250 -1 0
296 250 -1 0
295 250 -1 0
294 250 -1 0
293 250 -1 0
292 250 -1 0
291 250 -1 0
250 250 -1 1
249 250 -1 1
248 250 -1 1
247 250 -1 1
246 250 -1 1
245 250 -1 1
244 250 -1 1
300 249 -1 0
299 249 -1 0
298 249 -1 0
297 249 -1 0
296 249 -1 0
295 249 -1 0
294 249 -1 0
293 249 -1 0
292 249 -1 0
291 249 -1 0
247 249 -1 1
300 248 -1 0
299 248 -1 0
298 248 -1 0
297 248 -1 0
296 248 -1 0
295 248 -1 0
294 248 -1 0
293 248 -1 0
292 248 -1 0
291 248 -1 0
290 248 -1 0
300 247 -1 0
299 247 -1 0
298 247 -1 0
297 247 -1 0
296 247 -1 0
295 247 -1 0
294 247 -1 0
293 247 -1 0
292 247 -1 0
291 247 -1 0
290 247 -1 0
299 246 -1 0
298 246 -1 0
297 246 -1 0
296 246 -1 0
295 246 -1 0
294 246 -1 0
293 246 -1 0
292 246 -1 0
291 246 -1 0
300 245 -1 0
299 245 -1 0
298 245 -1 0
297 245 -1 0
296 245 -1 0
295 245 -1 0
294 245 -1 0
293 245 -1 0
292 245 -1 0
291 245 -1 0
290 245 -1 0
300 244 -1 0
299 244 -1 0
298 244 -1 0
297 244 -1 0
296 244 -1 0
295 244 -1 0
294 244 -1 0
293 244 -1 0
292 244 -1 0
291 244 -1 0
290 244 -1 0
300 243 -1 0
299 243 -1 0
298 243 -1 0
297 243 -1 0
296 243 -1 0
295 243 -1 0
294 243 -1 0
293 243 -1 0
292 243 -1 0
291 243 -1 0
290 243 -1 0
300 242 -1 0
299 242 -1 0
298 242 -1 0
297 242 -1 0
296 242 -1 0
295 242 -1 0
294 242 -1 0
293 242 -1 0
292 242 -1 0
291 242 -1 0
290 242 -1 0
289 242 -1 0
299 241 -1 0
298 241 -1 0
297 241 -1 0
296 241 -1 0
295 241 -1 0
294 241 -1 0
293 241 -1 0
292 241 -1 0
291 241 -1 0
290 241 -1 0
299 240 -1 0
298 240 -1 0
297 240 -1 0
296 240 -1 0
295 240 -1 0
294 240 -1 0
293 240 -1 0
292 240 -1 0
291 240 -1 0
290 240 -1 0
299 239 -1 0
298 239 -1 0
297 239 -1 0
296 239 -1 0
295 239 -1 0
294 239 -1 0
293 239 -1 0
292 239 -1 0
291 239 -1 0
290 239 -1 0
298 238 -1 0
297 238 -1 0
296 238 -1 0
295 238 -1 0
294 238 -1 0
293 238 -1 0
292 238 -1 0
291 238 -1 0
295 237 -1 0
294 237 -1 0
76 141 -1 0
75 141 -1 0
79 140 -1 0
78 140 -1 0
77 140 -1 0
76 140 -1 0
75 140 -1 0
74 140 -1 0
73 140 -1 0
72 140 -1 0
80 139 -1 0
79 139 -1 0
78 139 -1 0
77 139 -1 0
76 139 -1 0
75 139 -1 0
74 139 -1 0
73 139 -1 0
72 139 -1 0
71 139 -1 0
80 138 -1 0
79 138 -1 0
78 138 -1 0
77 138 -1 0
76 138 -1 0
75 138 -1 0
74 138 -1 0
73 138 -1 0
72 138 -1 0
71 138 -1 0
80 137 -1 0
79 137 -1 0
78 137 -1 0
77 137 -1 0
76 137 -1 0
75 137 -1 0
74 137 -1 0
73 137 -1 0
72 137 -1 0
71 137 -1 0
81 136 -1 0
80 136 -1 0
79 136 -1 0
78 136 -1 0
77 136 -1 0
76 136 -1 0
75 136 -1 0
74 136 -1 0
73 136 -1 0
72 136 -1 0
71 136 -1 0
70 136 -1 0
80 135 -1 0
79 135 -1 0
78 135 -1 0
77 135 -1 0
76 135 -1 0
75 135 -1 0
74 135 -1 0
73 135 -1 0
72 135 -1 0
71 135 -1 0
70 135 -1 0
80 134 -1 0
79 134 -1 0
78 134 -1 0
77 134 -1 0
76 134 -1 0
75 134 -1 0
74 134 -1 0
73 134 -1 0
72 134 -1 0
71 134 -1 0
70 134 -1 0
80 133 -1 0
79 133 -1 0
78 133 -1 0
77 133 -1 0
76 133 -1 0
75 133 -1 0
74 133 -1 0
73 133 -1 0
72 133 -1 0
71 133 -1 0
70 133 -1 0
80 132 -1 0
79 132 -1 0
78 132 -1 0
77 132 -1 0
76 132 -1 0
75 132 -1 0
74 132 -1 0
73 132 -1 0
72 132 -1 0
71 132 -1 0
70 132 -1 0
69 132 -1 0
79 131 -1 0
78 131 -1 0
77 131 -1 0
76 131 -1 0
75 131 -1 0
74 131 -1 0
73 131 -1 0
72 131 -1 0
71 131 -1 0
70 131 -1 0
69 131 -1 0
79 130 -1 0
78 130 -1 0
77 130 -1 0
76 130 -1 0
75 130 -1 0
74 130 -1 0
73 130 -1 0
72 130 -1 0
71 130 -1 0
70 130 -1 0
69 130 -1 0
79 129 -1 0
78 129 -1 0
77 129 -1 0
76 129 -1 0
75 129 -1 0
74 129 -1 0
73 129 -1 0
72 129 -1 0
71 129 -1 0
70 129 -1 0
69 129 -1 0
79 128 -1 0
78 128 -1 0
77 128 -1 0
76 128 -1 0
75 128 -1 0
74 128 -1 0
73 128 -1 0
72 128 -1 0
71 128 -1 0
70 128 -1 0
69 128 -1 0
78 127 -1 0
77 127 -1 0
76 127 -1 0
75 127 -1 0
74 127 -1 0
73 127 -1 0
72 127 -1 0
71 127 -1 0
70 127 -1 0
69 127 -1 0
68 127 -1 0
78 126 -1 0
77 126 -1 0
76 126 -1 0
75 126 -1 0
74 126 -1 0
73 126 -1 0
72 126 -1 0
71 126 -1 0
70 126 -1 0
69 126 -1 0
68 126 -1 0
78 125 -1 0
77 125 -1 0
76 125 -1 0
75 125 -1 0
74 125 -1 0
73 125 -1 0
72 125 -1 0
71 125 -1 0
70 125 -1 0
69 125 -1 0
68 125 -1 0
78 124 -1 0
77 124 -1 0
76 124 -1 0
75 124 -1 0
74 124 -1 0
73 124 -1 0
72 124 -1 0
71 124 -1 0
70 124 -1 0
69 124 -1 0
68 124 -1 0
78 123 -1 0
77 123 -1 0
76 123 -1 0
75 123 -1 0
74 123 -1 0
73 123 -1 0
72 123 -1 0
71 123 -1 0
70 123 -1 0
69 123 -1 0
68 123 -1 0
78 122 -1 0
77 122 -1 0
76 122 -1 0
75 122 -1 0
74 122 -1 0
73 122 -1 0
72 122 -1 0
71 122 -1 0
70 122 -1 0
69 122 -1 0
68 122 -1 0
78 121 -1 0
77 121 -1 0
76 121 -1 0
75 121 -1 0
74 121 -1 0
73 121 -1 0
72 121 -1 0
71 121 -1 0
70 121 -1 0
69 121 -1 0
68 121 -1 0
78 120 -1 0
77 120 -1 0
76 120 -1 0
75 120 -1 0
74 120 -1 0
73 120 -1 0
72 120 -1 0
71 120 -1 0
70 120 -1 0
69 120 -1 0
68 120 -1 0
78 119 -1 0
77 119 -1 0
76 119 -1 0
75 119 -1 0
74 119 -1 0
73 119 -1 0
72 119 -1 0
71 119 -1 0
70 119 -1 0
69 119 -1 0
68 119 -1 0
78 118 -1 0
77 118 -1 0
76 118 -1 0
75 118 -1 0
74 118 -1 0
73 118 -1 0
72 118 -1 0
71 118 -1 0
70 118 -1 0
69 118 -1 0
68 118 -1 0
79 117 -1 0
78 117 -1 0
77 117 -1 0
76 117 -1 0
75 117 -1 0
74 117 -1 0
73 117 -1 0
72 117 -1 0
71 117 -1 0
70 117 -1 0
69 117 -1 0
68 117 -1 0
79 116 -1 0
78 116 -1 0
77 116 -1 0
76 116 -1 0
75 116 -1 0
74 116 -1 0
73 116 -1 0
72 116 -1 0
71 116 -1 0
70 116 -1 0
69 116 -1 0
68 116 -1 0
79 115 -1 0
78 115 -1 0
77 115 -1 0
76 115 -1 0
75 115 -1 0
74 115 -1 0
73 115 -1 0
72 115 -1 0
71 115 -1 0
70 115 -1 0
69 115 -1 0
68 115 -1 0
80 114 -1 0
79 114 -1 0
78 114 -1 0
77 114 -1 0
76 114 -1 0
75 114 -1 0
74 114 -1 0
73 114 -1 0
72 114 -1 0
71 114 -1 0
70 114 -1 0
69 114 -1 0
81 113 -1 0
80 113 -1 0
79 113 -1 0
78 113 -1 0
77 113 -1 0
76 113 -1 0
75 113 -1 0
74 113 -1 0
73 113 -1 0
72 113 -1 0
71 113 -1 0
70 113 -1 0
69 113 -1 0
82 112 -1 0
81 112 -1 0
80 112 -1 0
79 112 -1 0
78 112 -1 0
77 112 -1 0
76 112 -1 0
75 112 -1 0
74 112 -1 0
73 112 -1 0
72 112 -1 0
71 112 -1 0
70 112 -1 0
69 112 -1 0
82 111 -1 0
81 111 -1 0
80 111 -1 0
79 111 -1 0
78 111 -1 0
77 111 -1 0
76 111 -1 0
75 111 -1 0
74 111 -1 0
73 111 -1 0
72 111 -1 0
71 111 -1 0
70 111 -1 0
83 110 -1 0
82 110 -1 0
81 110 -1 0
80 110 -1 0
79 110 -1 0
78 110 -1 0
77 110 -1 0
76 110 -1 0
75 110 -1 0
74 110 -1 0
73 110 -1 0
72 110 -1 0
71 110 -1 0
83 109 -1 0
82 109 -1 0
81 109 -1 0
80 109 -1 0
79 109 -1 0
78 109 -1 0
77 109 -1 0
76 109 -1 0
75 109 -1 0
74 109 -1 0
73 109 -1 0
72 109 -1 0
71 109 -1 0
83 108 -1 0
82 108 -1 0
81 108 -1 0
80 108 -1 0
79 108 -1 0
78 108 -1 0
77 108 -1 0
76 108 -1 0
75 108 -1 0
74 108 -1 0
73 108 -1 0
72 108 -1 0
71 108 -1 0
84 107 -1 0
83 107 -1 0
82 107 -1 0
81 107 -1 0
80 107 -1 0
79 107 -1 0
78 107 -1 0
77 107 -1 0
76 107 -1 0
75 107 -1 0
74 107 -1 0
73 107 -1 0
72 107 -1 0
86 106 -1 0
85 106 -1 0
84 106 -1 0
83 106 -1 0
82 106 -1 0
81 106 -1 0
80 106 -1 0
79 106 -1 0
78 106 -1 0
77 106 -1 0
76 106 -1 0
75 106 -1 0
74 106 -1 0
73 106 -1 0
88 105 -1 0
87 105 -1 0
86 105 -1 0
85 105 -1 0
84 105 -1 0
83 105 -1 0
82 105 -1 0
81 105 -1 0
80 105 -1 0
79 105 -1 0
78 105 -1 0
77 105 -1 0
76 105 -1 0
75 105 -1 0
74 105 -1 0
89 104 -1 0
88 104 -1 0
87 104 -1 0
86 104 -1 0
85 104 -1 0
84 104 -1 0
83 104 -1 0
82 104 -1 0
81 104 -1 0
80 104 -1 0
79 104 -1 0
78 104 -1 0
77 104 -1 0
76 104 -1 0
75 104 -1 0
74 104 -1 0
89 103 -1 0
88 103 -1 0
87 103 -1 0
86 103 -1 0
85 103 -1 0
84 103 -1 0
83 103 -1 0
82 103 -1 0
81 103 -1 0
80 103 -1 0
79 103 -1 0
78 103 -1 0
77 103 -1 0
76 103 -1 0
75 103 -1 0
89 102 -1 0
88 102 -1 0
87 102 -1 0
86 102 -1 0
85 102 -1 0
84 102 -1 0
83 102 -1 0
82 102 -1 0
81 102 -1 0
80 102 -1 0
79 102 -1 0
78 102 -1 0
77 102 -1 0
76 102 -1 0
90 101 -1 0
89 101 -1 0
88 101 -1 0
87 101 -1 0
86 101 -1 0
85 101 -1 0
84 101 -1 0
83 101 -1 0
82 101 -1 0
81 101 -1 0
80 101 -1 0
79 101 -1 0
78 101 -1 0
77 101 -1 0
76 101 -1 0
89 100 -1 0
88 100 -1 0
87 100 -1 0
86 100 -1 0
85 100 -1 0
84 100 -1 0
83 100 -1 0
82 100 -1 0
81 100 -1 0
80 100 -1 0
79 100 -1 0
78 100 -1 0
77 100 -1 0
76 100 -1 0
89 99 -1 0
88 99 -1 0
87 99 -1 0
86 99 -1 0
85 99 -1 0
84 99 -1 0
83 99 -1 0
82 99 -1 0
81 99 -1 0
80 99 -1 0
79 99 -1 0
78 99 -1 0
77 99 -1 0
89 98 -1 0
88 98 -1 0
87 98 -1 0
86 98 -1 0
85 98 -1 0
84 98 -1 0
83 98 -1 0
82 98 -1 0
81 98 -1 0
80 98 -1 0
79 98 -1 0
88 97 -1 0
87 97 -1 0
86 97 -1 0
85 97 -1 0
84 97 -1 0
83 97 -1 0
82 97 -1 0
81 97 -1 0
80 97 -1 0
85 96 -1 0
84 96 -1 0
83 96 -1 0
