3983 400 400
269 386 -1 0
272 385 -1 0
271 385 -1 0
270 385 -1 0
269 385 -1 0
268 385 -1 0
267 385 -1 0
266 385 -1 0
274 384 -1 0
273 384 -1 0
272 384 -1 0
271 384 -1 0
270 384 -1 0
269 384 -1 0
268 384 -1 0
267 384 -1 0
266 384 -1 0
265 384 -1 0
275 383 -1 0
274 383 -1 0
273 383 -1 0
272 383 -1 0
271 383 -1 0
270 383 -1 0
269 383 -1 0
268 383 -1 0
267 383 -1 0
266 383 -1 0
265 383 -1 0
278 382 -1 0
277 382 -1 0
276 382 -1 0
275 382 -1 0
274 382 -1 0
273 382 -1 0
272 382 -1 0
271 382 -1 0
270 382 -1 0
269 382 -1 0
268 382 -1 0
267 382 -1 0
266 382 -1 0
265 382 -1 0
279 381 -1 0
278 381 -1 0
277 381 -1 0
276 381 -1 0
275 381 -1 0
274 381 -1 0
273 381 -1 0
272 381 -1 0
271 381 -1 0
270 381 -1 0
269 381 -1 0
268 381 -1 0
267 381 -1 0
266 381 -1 0
265 381 -1 0
264 381 -1 0
279 380 -1 0
278 380 -1 0
277 380 -1 0
276 380 -1 0
275 380 -1 0
274 380 -1 0
273 380 -1 0
272 380 -1 0
271 380 -1 0
270 380 -1 0
269 380 -1 0
268 380 -1 0
267 380 -1 0
266 380 -1 0
265 380 -1 0
264 380 -1 0
280 379 -1 0
279 379 -1 0
278 379 -1 0
277 379 -1 0
276 379 -1 0
275 379 -1 0
274 379 -1 0
273 379 -1 0
272 379 -1 0
271 379 -1 0
270 379 -1 0
269 379 -1 0
268 379 -1 0
267 379 -1 0
266 379 -1 0
265 379 -1 0
282 378 -1 0
281 378 -1 0
280 378 -1 0
279 378 -1 0
278 378 -1 0
277 378 -1 0
276 378 -1 0
275 378 -1 0
274 378 -1 0
273 378 -1 0
272 378 -1 0
271 378 -1 0
270 378 -1 0
269 378 -1 0
268 378 -1 0
267 378 -1 0
266 378 -1 0
265 378 -1 0
283 377 -1 0
282 377 -1 0
281 377 -1 0
280 377 -1 0
279 377 -1 0
278 377 -1 0
277 377 -1 0
276 377 -1 0
275 377 -1 0
274 377 -1 0
273 377 -1 0
272 377 -1 0
271 377 -1 0
270 377 -1 0
269 377 -1 0
268 377 -1 0
267 377 -1 0
266 377 -1 0
265 377 -1 0
285 376 -1 0
284 376 -1 0
283 376 -1 0
282 376 -1 0
281 376 -1 0
280 376 -1 0
279 376 -1 0
278 376 -1 0
277 376 -1 0
276 376 -1 0
275 376 -1 0
274 376 -1 0
273 376 -1 0
272 376 -1 0
271 376 -1 0
270 376 -1 0
269 376 -1 0
268 376 -1 0
267 376 -1 0
266 376 -1 0
286 375 -1 0
285 375 -1 0
284 375 -1 0
283 375 -1 0
282 375 -1 0
281 375 -1 0
280 375 -1 0
279 375 -1 0
278 375 -1 0
277 375 -1 0
276 375 -1 0
275 375 -1 0
274 375 -1 0
273 375 -1 0
272 375 -1 0
271 375 -1 0
270 375 -1 0
269 375 -1 0
268 375 -1 0
286 374 -1 0
285 374 -1 0
284 374 -1 0
283 374 -1 0
282 374 -1 0
281 374 -1 0
280 374 -1 0
279 374 -1 0
278 374 -1 0
277 374 -1 0
276 374 -1 0
275 374 -1 0
274 374 -1 0
273 374 -1 0
272 374 -1 0
271 374 -1 0
287 373 -1 0
286 373 -1 0
285 373 -1 0
284 373 -1 0
283 373 -1 0
282 373 -1 0
281 373 -1 0
280 373 -1 0
279 373 -1 0
278 373 -1 0
277 373 -1 0
276 373 -1 0
275 373 -1 0
274 373 -1 0
273 373 -1 0
272 373 -1 0
271 373 -1 0
289 372 -1 0
288 372 -1 0
287 372 -1 0
286 372 -1 0
285 372 -1 0
284 372 -1 0
283 372 -1 0
282 372 -1 0
281 372 -1 0
280 372 -1 0
279 372 -1 0
278 372 -1 0
277 372 -1 0
276 372 -1 0
275 372 -1 0
274 372 -1 0
273 372 -1 0
272 372 -1 0
290 371 -1 0
289 371 -1 0
288 371 -1 0
287 371 -1 0
286 371 -1 0
285 371 -1 0
284 371 -1 0
283 371 -1 0
282 371 -1 0
281 371 -1 0
280 371 -1 0
279 371 -1 0
278 371 -1 0
277 371 -1 0
276 371 -1 0
275 371 -1 0
274 371 -1 0
273 371 -1 0
290 370 -1 0
289 370 -1 0
288 370 -1 0
287 370 -1 0
286 370 -1 0
285 370 -1 0
284 370 -1 0
283 370 -1 0
282 370 -1 0
281 370 -1 0
280 370 -1 0
279 370 -1 0
278 370 -1 0
277 370 -1 0
276 370 -1 0
275 370 -1 0
274 370 -1 0
291 369 -1 0
290 369 -1 0
289 369 -1 0
288 369 -1 0
287 369 -1 0
286 369 -1 0
285 369 -1 0
284 369 -1 0
283 369 -1 0
282 369 -1 0
281 369 -1 0
280 369 -1 0
279 369 -1 0
278 369 -1 0
277 369 -1 0
276 369 -1 0
292 368 -1 0
291 368 -1 0
290 368 -1 0
289 368 -1 0
288 368 -1 0
287 368 -1 0
286 368 -1 0
285 368 -1 0
284 368 -1 0
283 368 -1 0
282 368 -1 0
281 368 -1 0
280 368 -1 0
279 368 -1 0
278 368 -1 0
277 368 -1 0
292 367 -1 0
291 367 -1 0
290 367 -1 0
289 367 -1 0
288 367 -1 0
287 367 -1 0
286 367 -1 0
285 367 -1 0
284 367 -1 0
283 367 -1 0
282 367 -1 0
281 367 -1 0
280 367 -1 0
279 367 -1 0
278 367 -1 0
293 366 -1 0
292 366 -1 0
291 366 -1 0
290 366 -1 0
289 366 -1 0
288 366 -1 0
287 366 -1 0
286 366 -1 0
285 366 -1 0
284 366 -1 0
283 366 -1 0
282 366 -1 0
281 366 -1 0
280 366 -1 0
279 366 -1 0
293 365 -1 0
292 365 -1 0
291 365 -1 0
290 365 -1 0
289 365 -1 0
288 365 -1 0
287 365 -1 0
286 365 -1 0
285 365 -1 0
284 365 -1 0
283 365 -1 0
282 365 -1 0
281 365 -1 0
280 365 -1 0
294 364 -1 0
293 364 -1 0
292 364 -1 0
291 364 -1 0
290 364 -1 0
289 364 -1 0
288 364 -1 0
287 364 -1 0
286 364 -1 0
285 364 -1 0
284 364 -1 0
283 364 -1 0
282 364 -1 0
281 364 -1 0
294 363 -1 0
293 363 -1 0
292 363 -1 0
291 363 -1 0
290 363 -1 0
289 363 -1 0
288 363 -1 0
287 363 -1 0
286 363 -1 0
285 363 -1 0
284 363 -1 0
283 363 -1 0
294 362 -1 0
293 362 -1 0
292 362 -1 0
291 362 -1 0
290 362 -1 0
289 362 -1 0
288 362 -1 0
287 362 -1 0
286 362 -1 0
285 362 -1 0
284 362 -1 0
283 362 -1 0
295 361 -1 0
294 361 -1 0
293 361 -1 0
292 361 -1 0
291 361 -1 0
290 361 -1 0
289 361 -1 0
288 361 -1 0
287 361 -1 0
286 361 -1 0
285 361 -1 0
284 361 -1 0
295 360 -1 0
294 360 -1 0
293 360 -1 0
292 360 -1 0
291 360 -1 0
290 360 -1 0
289 360 -1 0
288 360 -1 0
287 360 -1 0
286 360 -1 0
285 360 -1 0
284 360 -1 0
295 359 -1 0
294 359 -1 0
293 359 -1 0
292 359 -1 0
291 359 -1 0
290 359 -1 0
289 359 -1 0
288 359 -1 0
287 359 -1 0
286 359 -1 0
285 359 -1 0
295 358 -1 0
294 358 -1 0
293 358 -1 0
292 358 -1 0
291 358 -1 0
290 358 -1 0
289 358 -1 0
288 358 -1 0
287 358 -1 0
286 358 -1 0
285 358 -1 0
295 357 -1 0
294 357 -1 0
293 357 -1 0
292 357 -1 0
291 357 -1 0
290 357 -1 0
289 357 -1 0
288 357 -1 0
287 357 -1 0
286 357 -1 0
285 357 -1 0
295 356 -1 0
294 356 -1 0
293 356 -1 0
292 356 -1 0
291 356 -1 0
290 356 -1 0
289 356 -1 0
288 356 -1 0
287 356 -1 0
286 356 -1 0
285 356 -1 0
295 355 -1 0
294 355 -1 0
293 355 -1 0
292 355 -1 0
291 355 -1 0
290 355 -1 0
289 355 -1 0
288 355 -1 0
287 355 -1 0
286 355 -1 0
285 355 -1 0
295 354 -1 0
294 354 -1 0
293 354 -1 0
292 354 -1 0
291 354 -1 0
290 354 -1 0
289 354 -1 0
288 354 -1 0
287 354 -1 0
286 354 -1 0
285 354 -1 0
295 353 -1 0
294 353 -1 0
293 353 -1 0
292 353 -1 0
291 353 -1 0
290 353 -1 0
289 353 -1 0
288 353 -1 0
287 353 -1 0
286 353 -1 0
285 353 -1 0
295 352 -1 0
294 352 -1 0
293 352 -1 0
292 352 -1 0
291 352 -1 0
290 352 -1 0
289 352 -1 0
288 352 -1 0
287 352 -1 0
286 352 -1 0
285 352 -1 0
294 351 -1 0
293 351 -1 0
292 351 -1 0
291 351 -1 0
290 351 -1 0
289 351 -1 0
288 351 -1 0
287 351 -1 0
286 351 -1 0
295 350 -1 0
294 350 -1 0
293 350 -1 0
292 350 -1 0
291 350 -1 0
290 350 -1 0
289 350 -1 0
288 350 -1 0
287 350 -1 0
286 350 -1 0
285 350 -1 0
295 349 -1 0
294 349 -1 0
293 349 -1 0
292 349 -1 0
291 349 -1 0
290 349 -1 0
289 349 -1 0
288 349 -1 0
287 349 -1 0
286 349 -1 0
285 349 -1 0
295 348 -1 0
294 348 -1 0
293 348 -1 0
292 348 -1 0
291 348 -1 0
290 348 -1 0
289 348 -1 0
288 348 -1 0
287 348 -1 0
286 348 -1 0
285 348 -1 0
295 347 -1 0
294 347 -1 0
293 347 -1 0
292 347 -1 0
291 347 -1 0
290 347 -1 0
289 347 -1 0
288 347 -1 0
287 347 -1 0
286 347 -1 0
285 347 -1 0
295 346 -1 0
294 346 -1 0
293 346 -1 0
292 346 -1 0
291 346 -1 0
290 346 -1 0
289 346 -1 0
288 346 -1 0
287 346 -1 0
286 346 -1 0
285 346 -1 0
284 346 -1 0
294 345 -1 0
293 345 -1 0
292 345 -1 0
291 345 -1 0
290 345 -1 0
289 345 -1 0
288 345 -1 0
287 345 -1 0
286 345 -1 0
285 345 -1 0
284 345 -1 0
294 344 -1 0
293 344 -1 0
292 344 -1 0
291 344 -1 0
290 344 -1 0
289 344 -1 0
288 344 -1 0
287 344 -1 0
286 344 -1 0
285 344 -1 0
284 344 -1 0
294 343 -1 0
293 343 -1 0
292 343 -1 0
291 343 -1 0
290 343 -1 0
289 343 -1 0
288 343 -1 0
287 343 -1 0
286 343 -1 0
285 343 -1 0
284 343 -1 0
294 342 -1 0
293 342 -1 0
292 342 -1 0
291 342 -1 0
290 342 -1 0
289 342 -1 0
288 342 -1 0
287 342 -1 0
286 342 -1 0
285 342 -1 0
284 342 -1 0
283 342 -1 0
294 341 -1 0
293 341 -1 0
292 341 -1 0
291 341 -1 0
290 341 -1 0
289 341 -1 0
288 341 -1 0
287 341 -1 0
286 341 -1 0
285 341 -1 0
284 341 -1 0
283 341 -1 0
293 340 -1 0
292 340 -1 0
291 340 -1 0
290 340 -1 0
289 340 -1 0
288 340 -1 0
287 340 -1 0
286 340 -1 0
285 340 -1 0
284 340 -1 0
283 340 -1 0
282 340 -1 0
293 339 -1 0
292 339 -1 0
291 339 -1 0
290 339 -1 0
289 339 -1 0
288 339 -1 0
287 339 -1 0
286 339 -1 0
285 339 -1 0
284 339 -1 0
283 339 -1 0
282 339 -1 0
293 338 -1 0
292 338 -1 0
291 338 -1 0
290 338 -1 0
289 338 -1 0
288 338 -1 0
287 338 -1 0
286 338 -1 0
285 338 -1 0
284 338 -1 0
283 338 -1 0
282 338 -1 0
281 338 -1 0
292 337 -1 0
291 337 -1 0
290 337 -1 0
289 337 -1 0
288 337 -1 0
287 337 -1 0
286 337 -1 0
285 337 -1 0
284 337 -1 0
283 337 -1 0
282 337 -1 0
281 337 -1 0
292 336 -1 0
291 336 -1 0
290 336 -1 0
289 336 -1 0
288 336 -1 0
287 336 -1 0
286 336 -1 0
285 336 -1 0
284 336 -1 0
283 336 -1 0
282 336 -1 0
281 336 -1 0
280 336 -1 0
291 335 -1 0
290 335 -1 0
289 335 -1 0
288 335 -1 0
287 335 -1 0
286 335 -1 0
285 335 -1 0
284 335 -1 0
283 335 -1 0
282 335 -1 0
281 335 -1 0
280 335 -1 0
291 334 -1 0
290 334 -1 0
289 334 -1 0
288 334 -1 0
287 334 -1 0
286 334 -1 0
285 334 -1 0
284 334 -1 0
283 334 -1 0
282 334 -1 0
281 334 -1 0
280 334 -1 0
290 333 -1 0
289 333 -1 0
288 333 -1 0
287 333 -1 0
286 333 -1 0
285 333 -1 0
284 333 -1 0
283 333 -1 0
282 333 -1 0
281 333 -1 0
280 333 -1 0
279 333 -1 0
290 332 -1 0
289 332 -1 0
288 332 -1 0
287 332 -1 0
286 332 -1 0
285 332 -1 0
284 332 -1 0
283 332 -1 0
282 332 -1 0
281 332 -1 0
280 332 -1 0
279 332 -1 0
289 331 -1 0
288 331 -1 0
287 331 -1 0
286 331 -1 0
285 331 -1 0
284 331 -1 0
283 331 -1 0
282 331 -1 0
281 331 -1 0
280 331 -1 0
279 331 -1 0
289 330 -1 0
288 330 -1 0
287 330 -1 0
286 330 -1 0
285 330 -1 0
284 330 -1 0
283 330 -1 0
282 330 -1 0
281 330 -1 0
280 330 -1 0
279 330 -1 0
278 330 -1 0
288 329 -1 0
287 329 -1 0
286 329 -1 0
285 329 -1 0
284 329 -1 0
283 329 -1 0
282 329 -1 0
281 329 -1 0
280 329 -1 0
279 329 -1 0
278 329 -1 0
288 328 -1 0
287 328 -1 0
286 328 -1 0
285 328 -1 0
284 328 -1 0
283 328 -1 0
282 328 -1 0
281 328 -1 0
280 328 -1 0
279 328 -1 0
278 328 -1 0
288 327 -1 0
287 327 -1 0
286 327 -1 0
285 327 -1 0
284 327 -1 0
283 327 -1 0
282 327 -1 0
281 327 -1 0
280 327 -1 0
279 327 -1 0
278 327 -1 0
287 326 -1 0
286 326 -1 0
285 326 -1 0
284 326 -1 0
283 326 -1 0
282 326 -1 0
281 326 -1 0
280 326 -1 0
279 326 -1 0
278 326 -1 0
277 326 -1 0
287 325 -1 0
286 325 -1 0
285 325 -1 0
284 325 -1 0
283 325 -1 0
282 325 -1 0
281 325 -1 0
280 325 -1 0
279 325 -1 0
278 325 -1 0
277 325 -1 0
287 324 -1 0
286 324 -1 0
285 324 -1 0
284 324 -1 0
283 324 -1 0
282 324 -1 0
281 324 -1 0
280 324 -1 0
279 324 -1 0
278 324 -1 0
277 324 -1 0
287 323 -1 0
286 323 -1 0
285 323 -1 0
284 323 -1 0
283 323 -1 0
282 323 -1 0
281 323 -1 0
280 323 -1 0
279 323 -1 0
278 323 -1 0
277 323 -1 0
287 322 -1 0
286 322 -1 0
285 322 -1 0
284 322 -1 0
283 322 -1 0
282 322 -1 0
281 322 -1 0
280 322 -1 0
279 322 -1 0
278 322 -1 0
277 322 -1 0
287 321 -1 0
286 321 -1 0
285 321 -1 0
284 321 -1 0
283 321 -1 0
282 321 -1 0
281 321 -1 0
280 321 -1 0
279 321 -1 0
278 321 -1 0
277 321 -1 0
287 320 -1 0
286 320 -1 0
285 320 -1 0
284 320 -1 0
283 320 -1 0
282 320 -1 0
281 320 -1 0
280 320 -1 0
279 320 -1 0
278 320 -1 0
277 320 -1 0
287 319 -1 0
286 319 -1 0
285 319 -1 0
284 319 -1 0
283 319 -1 0
282 319 -1 0
281 319 -1 0
280 319 -1 0
279 319 -1 0
278 319 -1 0
277 319 -1 0
287 318 -1 0
286 318 -1 0
285 318 -1 0
284 318 -1 0
283 318 -1 0
282 318 -1 0
281 318 -1 0
280 318 -1 0
279 318 -1 0
278 318 -1 0
277 318 -1 0
287 317 -1 0
286 317 -1 0
285 317 -1 0
284 317 -1 0
283 317 -1 0
282 317 -1 0
281 317 -1 0
280 317 -1 0
279 317 -1 0
278 317 -1 0
277 317 -1 0
287 316 -1 0
286 316 -1 0
285 316 -1 0
284 316 -1 0
283 316 -1 0
282 316 -1 0
281 316 -1 0
280 316 -1 0
279 316 -1 0
278 316 -1 0
277 316 -1 0
287 315 -1 0
286 315 -1 0
285 315 -1 0
284 315 -1 0
283 315 -1 0
282 315 -1 0
281 315 -1 0
280 315 -1 0
279 315 -1 0
278 315 -1 0
277 315 -1 0
287 314 -1 0
286 314 -1 0
285 314 -1 0
284 314 -1 0
283 314 -1 0
282 314 -1 0
281 314 -1 0
280 314 -1 0
279 314 -1 0
278 314 -1 0
277 314 -1 0
287 313 -1 0
286 313 -1 0
285 313 -1 0
284 313 -1 0
283 313 -1 0
282 313 -1 0
281 313 -1 0
280 313 -1 0
279 313 -1 0
278 313 -1 0
277 313 -1 0
287 312 -1 0
286 312 -1 0
285 312 -1 0
284 312 -1 0
283 312 -1 0
282 312 -1 0
281 312 -1 0
280 312 -1 0
279 312 -1 0
278 312 -1 0
277 312 -1 0
287 311 -1 0
286 311 -1 0
285 311 -1 0
284 311 -1 0
283 311 -1 0
282 311 -1 0
281 311 -1 0
280 311 -1 0
279 311 -1 0
278 311 -1 0
277 311 -1 0
288 310 -1 0
287 310 -1 0
286 310 -1 0
285 310 -1 0
284 310 -1 0
283 310 -1 0
282 310 -1 0
281 310 -1 0
280 310 -1 0
279 310 -1 0
278 310 -1 0
288 309 -1 0
287 309 -1 0
286 309 -1 0
285 309 -1 0
284 309 -1 0
283 309 -1 0
282 309 -1 0
281 309 -1 0
280 309 -1 0
279 309 -1 0
278 309 -1 0
288 308 -1 0
287 308 -1 0
286 308 -1 0
285 308 -1 0
284 308 -1 0
283 308 -1 0
282 308 -1 0
281 308 -1 0
280 308 -1 0
279 308 -1 0
278 308 -1 0
288 307 -1 0
287 307 -1 0
286 307 -1 0
285 307 -1 0
284 307 -1 0
283 307 -1 0
282 307 -1 0
281 307 -1 0
280 307 -1 0
279 307 -1 0
278 307 -1 0
288 306 -1 0
287 306 -1 0
286 306 -1 0
285 306 -1 0
284 306 -1 0
283 306 -1 0
282 306 -1 0
281 306 -1 0
280 306 -1 0
279 306 -1 0
278 306 -1 0
288 305 -1 0
287 305 -1 0
286 305 -1 0
285 305 -1 0
284 305 -1 0
283 305 -1 0
282 305 -1 0
281 305 -1 0
280 305 -1 0
279 305 -1 0
278 305 -1 0
288 304 -1 0
287 304 -1 0
286 304 -1 0
285 304 -1 0
284 304 -1 0
283 304 -1 0
282 304 -1 0
281 304 -1 0
280 304 -1 0
279 304 -1 0
278 304 -1 0
288 303 -1 0
287 303 -1 0
286 303 -1 0
285 303 -1 0
284 303 -1 0
283 303 -1 0
282 303 -1 0
281 303 -1 0
280 303 -1 0
279 303 -1 0
278 303 -1 0
289 302 -1 0
288 302 -1 0
287 302 -1 0
286 302 -1 0
285 302 -1 0
284 302 -1 0
283 302 -1 0
282 302 -1 0
281 302 -1 0
280 302 -1 0
279 302 -1 0
278 302 -1 0
289 301 -1 0
288 301 -1 0
287 301 -1 0
286 301 -1 0
285 301 -1 0
284 301 -1 0
283 301 -1 0
282 301 -1 0
281 301 -1 0
280 301 -1 0
279 301 -1 0
278 301 -1 0
289 300 -1 0
288 300 -1 0
287 300 -1 0
286 300 -1 0
285 300 -1 0
284 300 -1 0
283 300 -1 0
282 300 -1 0
281 300 -1 0
280 300 -1 0
279 300 -1 0
278 300 -1 0
290 299 -1 0
289 299 -1 0
288 299 -1 0
287 299 -1 0
286 299 -1 0
285 299 -1 0
284 299 -1 0
283 299 -1 0
282 299 -1 0
281 299 -1 0
280 299 -1 0
279 299 -1 0
278 299 -1 0
289 298 -1 0
288 298 -1 0
287 298 -1 0
286 298 -1 0
285 298 -1 0
284 298 -1 0
283 298 -1 0
282 298 -1 0
281 298 -1 0
280 298 -1 0
279 298 -1 0
290 297 -1 0
289 297 -1 0
288 297 -1 0
287 297 -1 0
286 297 -1 0
285 297 -1 0
284 297 -1 0
283 297 -1 0
282 297 -1 0
281 297 -1 0
280 297 -1 0
279 297 -1 0
290 296 -1 0
289 296 -1 0
288 296 -1 0
287 296 -1 0
286 296 -1 0
285 296 -1 0
284 296 -1 0
283 296 -1 0
282 296 -1 0
281 296 -1 0
280 296 -1 0
279 296 -1 0
290 295 -1 0
289 295 -1 0
288 295 -1 0
287 295 -1 0
286 295 -1 0
285 295 -1 0
284 295 -1 0
283 295 -1 0
282 295 -1 0
281 295 -1 0
280 295 -1 0
291 294 -1 0
290 294 -1 0
289 294 -1 0
288 294 -1 0
287 294 -1 0
286 294 -1 0
285 294 -1 0
284 294 -1 0
283 294 -1 0
282 294 -1 0
281 294 -1 0
280 294 -1 0
291 293 -1 0
290 293 -1 0
289 293 -1 0
288 293 -1 0
287 293 -1 0
286 293 -1 0
285 293 -1 0
284 293 -1 0
283 293 -1 0
282 293 -1 0
281 293 -1 0
291 292 -1 0
290 292 -1 0
289 292 -1 0
288 292 -1 0
287 292 -1 0
286 292 -1 0
285 292 -1 0
284 292 -1 0
283 292 -1 0
282 292 -1 0
281 292 -1 0
292 291 -1 0
291 291 -1 0
290 291 -1 0
289 291 -1 0
288 291 -1 0
287 291 -1 0
286 291 -1 0
285 291 -1 0
284 291 -1 0
283 291 -1 0
282 291 -1 0
281 291 -1 0
292 290 -1 0
291 290 -1 0
290 290 -1 0
289 290 -1 0
288 290 -1 0
287 290 -1 0
286 290 -1 0
285 290 -1 0
284 290 -1 0
283 290 -1 0
282 290 -1 0
292 289 -1 0
291 289 -1 0
290 289 -1 0
289 289 -1 0
288 289 -1 0
287 289 -1 0
286 289 -1 0
285 289 -1 0
284 289 -1 0
283 289 -1 0
282 289 -1 0
292 288 -1 0
291 288 -1 0
290 288 -1 0
289 288 -1 0
288 288 -1 0
287 288 -1 0
286 288 -1 0
285 288 -1 0
284 288 -1 0
283 288 -1 0
282 288 -1 0
293 287 -1 0
292 287 -1 0
291 287 -1 0
290 287 -1 0
289 287 -1 0
288 287 -1 0
287 287 -1 0
286 287 -1 0
285 287 -1 0
284 287 -1 0
283 287 -1 0
282 287 -1 0
293 286 -1 0
292 286 -1 0
291 286 -1 0
290 286 -1 0
289 286 -1 0
288 286 -1 0
287 286 -1 0
286 286 -1 0
285 286 -1 0
284 286 -1 0
283 286 -1 0
293 285 -1 0
292 285 -1 0
291 285 -1 0
290 285 -1 0
289 285 -1 0
288 285 -1 0
287 285 -1 0
286 285 -1 0
285 285 -1 0
284 285 -1 0
283 285 -1 0
294 284 -1 0
293 284 -1 0
292 284 -1 0
291 284 -1 0
290 284 -1 0
289 284 -1 0
288 284 -1 0
287 284 -1 0
286 284 -1 0
285 284 -1 0
284 284 -1 0
283 284 -1 0
294 283 -1 0
293 283 -1 0
292 283 -1 0
291 283 -1 0
290 283 -1 0
289 283 -1 0
288 283 -1 0
287 283 -1 0
286 283 -1 0
285 283 -1 0
284 283 -1 0
294 282 -1 0
293 282 -1 0
292 282 -1 0
291 282 -1 0
290 282 -1 0
289 282 -1 0
288 282 -1 0
287 282 -1 0
286 282 -1 0
285 282 -1 0
284 282 -1 0
295 281 -1 0
294 281 -1 0
293 281 -1 0
292 281 -1 0
291 281 -1 0
290 281 -1 0
289 281 -1 0
288 281 -1 0
287 281 -1 0
286 281 -1 0
285 281 -1 0
294 280 -1 0
293 280 -1 0
292 280 -1 0
291 280 -1 0
290 280 -1 0
289 280 -1 0
288 280 -1 0
287 280 -1 0
286 280 -1 0
285 280 -1 0
294 279 -1 0
293 279 -1 0
292 279 -1 0
291 279 -1 0
290 279 -1 0
289 279 -1 0
288 279 -1 0
287 279 -1 0
286 279 -1 0
285 279 -1 0
294 278 -1 0
293 278 -1 0
292 278 -1 0
291 278 -1 0
290 278 -1 0
289 278 -1 0
288 278 -1 0
287 278 -1 0
286 278 -1 0
293 277 -1 0
292 277 -1 0
291 277 -1 0
290 277 -1 0
289 277 -1 0
288 277 -1 0
287 277 -1 0
290 276 -1 0
233 259 -1 1
236 258 -1 1
235 258 -1 1
234 258 -1 1
233 258 -1 1
232 258 -1 1
231 258 -1 1
230 258 -1 1
237 257 -1 1
236 257 -1 1
235 257 -1 1
234 257 -1 1
233 257 -1 1
232 257 -1 1
231 257 -1 1
230 257 -1 1
229 257 -1 1
237 256 -1 1
236 256 -1 1
235 256 -1 1
234 256 -1 1
233 256 -1 1
232 256 -1 1
231 256 -1 1
230 256 -1 1
229 256 -1 1
237 255 -1 1
236 255 -1 1
235 255 -1 1
234 255 -1 1
233 255 -1 1
232 255 -1 1
231 255 -1 1
230 255 -1 1
229 255 -1 1
238 254 -1 1
237 254 -1 1
236 254 -1 1
235 254 -1 1
234 254 -1 1
233 254 -1 1
232 254 -1 1
231 254 -1 1
230 254 -1 1
229 254 -1 1
228 254 -1 1
237 253 -1 1
236 253 -1 1
235 253 -1 1
234 253 -1 1
233 253 -1 1
232 253 -1 1
231 253 -1 1
230 253 -1 1
229 253 -1 1
237 252 -1 1
236 252 -1 1
235 252 -1 1
234 252 -1 1
233 252 -1 1
232 252 -1 1
231 252 -1 1
230 252 -1 1
229 252 -1 1
237 251 -1 1
236 251 -1 1
235 251 -1 1
234 251 -1 1
233 251 -1 1
232 251 -1 1
231 251 -1 1
230 251 -1 1
229 251 -1 1
236 250 -1 1
235 250 -1 1
234 250 -1 1
233 250 -1 1
232 250 -1 1
231 250 -1 1
230 250 -1 1
233 249 -1 1
196 230 -1 1
199 229 -1 1
198 229 -1 1
197 229 -1 1
196 229 -1 1
195 229 -1 1
194 229 -1 1
193 229 -1 1
200 228 -1 1
199 228 -1 1
198 228 -1 1
197 228 -1 1
196 228 -1 1
195 228 -1 1
194 228 -1 1
193 228 -1 1
192 228 -1 1
200 227 -1 1
199 227 -1 1
198 227 -1 1
197 227 -1 1
196 227 -1 1
195 227 -1 1
194 227 -1 1
193 227 -1 1
192 227 -1 1
200 226 -1 1
199 226 -1 1
198 226 -1 1
197 226 -1 1
196 226 -1 1
195 226 -1 1
194 226 -1 1
193 226 -1 1
192 226 -1 1
201 225 -1 1
200 225 -1 1
199 225 -1 1
198 225 -1 1
197 225 -1 1
196 225 -1 1
195 225 -1 1
194 225 -1 1
193 225 -1 1
192 225 -1 1
191 225 -1 1
200 224 -1 1
199 224 -1 1
198 224 -1 1
197 224 -1 1
196 224 -1 1
195 224 -1 1
194 224 -1 1
193 224 -1 1
192 224 -1 1
200 223 -1 1
199 223 -1 1
198 223 -1 1
197 223 -1 1
196 223 -1 1
195 223 -1 1
194 223 -1 1
193 223 -1 1
192 223 -1 1
200 222 -1 1
199 222 -1 1
198 222 -1 1
197 222 -1 1
196 222 -1 1
195 222 -1 1
194 222 -1 1
193 222 -1 1
192 222 -1 1
199 221 -1 1
198 221 -1 1
197 221 -1 1
196 221 -1 1
195 221 -1 1
194 221 -1 1
193 221 -1 1
196 220 -1 1
223 218 -1 1
226 217 -1 1
225 217 -1 1
224 217 -1 1
223 217 -1 1
222 217 -1 1
221 217 -1 1
220 217 -1 1
227 216 -1 1
226 216 -1 1
225 216 -1 1
224 216 -1 1
223 216 -1 1
222 216 -1 1
221 216 -1 1
220 216 -1 1
219 216 -1 1
227 215 -1 1
226 215 -1 1
225 215 -1 1
224 215 -1 1
223 215 -1 1
222 215 -1 1
221 215 -1 1
220 215 -1 1
219 215 -1 1
227 214 -1 1
226 214 -1 1
225 214 -1 1
224 214 -1 1
223 214 -1 1
222 214 -1 1
221 214 -1 1
220 214 -1 1
219 214 -1 1
228 213 -1 1
227 213 -1 1
226 213 -1 1
225 213 -1 1
224 213 -1 1
223 213 -1 1
222 213 -1 1
221 213 -1 1
220 213 -1 1
219 213 -1 1
218 213 -1 1
227 212 -1 1
226 212 -1 1
225 212 -1 1
224 212 -1 1
223 212 -1 1
222 212 -1 1
221 212 -1 1
220 212 -1 1
219 212 -1 1
227 211 -1 1
226 211 -1 1
225 211 -1 1
224 211 -1 1
223 211 -1 1
222 211 -1 1
221 211 -1 1
220 211 -1 1
219 211 -1 1
227 210 -1 1
226 210 -1 1
225 210 -1 1
224 210 -1 1
223 210 -1 1
222 210 -1 1
221 210 -1 1
220 210 -1 1
219 210 -1 1
226 209 -1 1
225 209 -1 1
224 209 -1 1
223 209 -1 1
222 209 -1 1
221 209 -1 1
220 209 -1 1
223 208 -1 1
341 195 -1 0
344 194 -1 0
343 194 -1 0
342 194 -1 0
341 194 -1 0
340 194 -1 0
339 194 -1 0
338 194 -1 0
345 193 -1 0
344 193 -1 0
343 193 -1 0
342 193 -1 0
341 193 -1 0
340 193 -1 0
339 193 -1 0
338 193 -1 0
337 193 -1 0
345 192 -1 0
344 192 -1 0
343 192 -1 0
342 192 -1 0
341 192 -1 0
340 192 -1 0
339 192 -1 0
338 192 -1 0
337 192 -1 0
345 191 -1 0
344 191 -1 0
343 191 -1 0
342 191 -1 0
341 191 -1 0
340 191 -1 0
339 191 -1 0
338 191 -1 0
337 191 -1 0
346 190 -1 0
345 190 -1 0
344 190 -1 0
343 190 -1 0
342 190 -1 0
341 190 -1 0
340 190 -1 0
339 190 -1 0
338 190 -1 0
337 190 -1 0
336 190 -1 0
346 189 -1 0
345 189 -1 0
344 189 -1 0
343 189 -1 0
342 189 -1 0
341 189 -1 0
340 189 -1 0
339 189 -1 0
338 189 -1 0
337 189 -1 0
336 189 -1 0
347 188 -1 0
346 188 -1 0
345 188 -1 0
344 188 -1 0
343 188 -1 0
342 188 -1 0
341 188 -1 0
340 188 -1 0
339 188 -1 0
338 188 -1 0
337 188 -1 0
336 188 -1 0
347 187 -1 0
346 187 -1 0
345 187 -1 0
344 187 -1 0
343 187 -1 0
342 187 -1 0
341 187 -1 0
340 187 -1 0
339 187 -1 0
338 187 -1 0
337 187 -1 0
336 187 -1 0
347 186 -1 0
346 186 -1 0
345 186 -1 0
344 186 -1 0
343 186 -1 0
342 186 -1 0
341 186 -1 0
340 186 -1 0
339 186 -1 0
338 186 -1 0
337 186 -1 0
348 185 -1 0
347 185 -1 0
346 185 -1 0
345 185 -1 0
344 185 -1 0
343 185 -1 0
342 185 -1 0
341 185 -1 0
340 185 -1 0
339 185 -1 0
338 185 -1 0
337 185 -1 0
336 185 -1 0
348 184 -1 0
347 184 -1 0
346 184 -1 0
345 184 -1 0
344 184 -1 0
343 184 -1 0
342 184 -1 0
341 184 -1 0
340 184 -1 0
339 184 -1 0
338 184 -1 0
337 184 -1 0
348 183 -1 0
347 183 -1 0
346 183 -1 0
345 183 -1 0
344 183 -1 0
343 183 -1 0
342 183 -1 0
341 183 -1 0
340 183 -1 0
339 183 -1 0
338 183 -1 0
337 183 -1 0
348 182 -1 0
347 182 -1 0
346 182 -1 0
345 182 -1 0
344 182 -1 0
343 182 -1 0
342 182 -1 0
341 182 -1 0
340 182 -1 0
339 182 -1 0
338 182 -1 0
337 182 -1 0
348 181 -1 0
347 181 -1 0
346 181 -1 0
345 181 -1 0
344 181 -1 0
343 181 -1 0
342 181 -1 0
341 181 -1 0
340 181 -1 0
339 181 -1 0
338 181 -1 0
348 180 -1 0
347 180 -1 0
346 180 -1 0
345 180 -1 0
344 180 -1 0
343 180 -1 0
342 180 -1 0
341 180 -1 0
340 180 -1 0
339 180 -1 0
338 180 -1 0
348 179 -1 0
347 179 -1 0
346 179 -1 0
345 179 -1 0
344 179 -1 0
343 179 -1 0
342 179 -1 0
341 179 -1 0
340 179 -1 0
339 179 -1 0
338 179 -1 0
189 179 -1 1
348 178 -1 0
347 178 -1 0
346 178 -1 0
345 178 -1 0
344 178 -1 0
343 178 -1 0
342 178 -1 0
341 178 -1 0
340 178 -1 0
339 178 -1 0
192 178 -1 1
191 178 -1 1
190 178 -1 1
189 178 -1 1
188 178 -1 1
187 178 -1 1
186 178 -1 1
348 177 -1 0
347 177 -1 0
346 177 -1 0
345 177 -1 0
344 177 -1 0
343 177 -1 0
342 177 -1 0
341 177 -1 0
340 177 -1 0
339 177 -1 0
338 177 -1 0
193 177 -1 1
192 177 -1 1
191 177 -1 1
190 177 -1 1
189 177 -1 1
188 177 -1 1
187 177 -1 1
186 177 -1 1
185 177 -1 1
349 176 -1 0
348 176 -1 0
347 176 -1 0
346 176 -1 0
345 176 -1 0
344 176 -1 0
343 176 -1 0
342 176 -1 0
341 176 -1 0
340 176 -1 0
339 176 -1 0
338 176 -1 0
193 176 -1 1
192 176 -1 1
191 176 -1 1
190 176 -1 1
189 176 -1 1
188 176 -1 1
187 176 -1 1
186 176 -1 1
185 176 -1 1
349 175 -1 0
348 175 -1 0
347 175 -1 0
346 175 -1 0
345 175 -1 0
344 175 -1 0
343 175 -1 0
342 175 -1 0
341 175 -1 0
340 175 -1 0
339 175 -1 0
193 175 -1 1
192 175 -1 1
191 175 -1 1
190 175 -1 1
189 175 -1 1
188 175 -1 1
187 175 -1 1
186 175 -1 1
185 175 -1 1
349 174 -1 0
348 174 -1 0
347 174 -1 0
346 174 -1 0
345 174 -1 0
344 174 -1 0
343 174 -1 0
342 174 -1 0
341 174 -1 0
340 174 -1 0
339 174 -1 0
194 174 -1 1
193 174 -1 1
192 174 -1 1
191 174 -1 1
190 174 -1 1
189 174 -1 1
188 174 -1 1
187 174 -1 1
186 174 -1 1
185 174 -1 1
184 174 -1 1
349 173 -1 0
348 173 -1 0
347 173 -1 0
346 173 -1 0
345 173 -1 0
344 173 -1 0
343 173 -1 0
342 173 -1 0
341 173 -1 0
340 173 -1 0
339 173 -1 0
193 173 -1 1
192 173 -1 1
191 173 -1 1
190 173 -1 1
189 173 -1 1
188 173 -1 1
187 173 -1 1
186 173 -1 1
185 173 -1 1
350 172 -1 0
349 172 -1 0
348 172 -1 0
347 172 -1 0
346 172 -1 0
345 172 -1 0
344 172 -1 0
343 172 -1 0
342 172 -1 0
341 172 -1 0
340 172 -1 0
339 172 -1 0
193 172 -1 1
192 172 -1 1
191 172 -1 1
190 172 -1 1
189 172 -1 1
188 172 -1 1
187 172 -1 1
186 172 -1 1
185 172 -1 1
350 171 -1 0
349 171 -1 0
348 171 -1 0
347 171 -1 0
346 171 -1 0
345 171 -1 0
344 171 -1 0
343 171 -1 0
342 171 -1 0
341 171 -1 0
340 171 -1 0
193 171 -1 1
192 171 -1 1
191 171 -1 1
190 171 -1 1
189 171 -1 1
188 171 -1 1
187 171 -1 1
186 171 -1 1
185 171 -1 1
350 170 -1 0
349 170 -1 0
348 170 -1 0
347 170 -1 0
346 170 -1 0
345 170 -1 0
344 170 -1 0
343 170 -1 0
342 170 -1 0
341 170 -1 0
340 170 -1 0
192 170 -1 1
191 170 -1 1
190 170 -1 1
189 170 -1 1
188 170 -1 1
187 170 -1 1
186 170 -1 1
350 169 -1 0
349 169 -1 0
348 169 -1 0
347 169 -1 0
346 169 -1 0
345 169 -1 0
344 169 -1 0
343 169 -1 0
342 169 -1 0
341 169 -1 0
340 169 -1 0
189 169 -1 1
350 168 -1 0
349 168 -1 0
348 168 -1 0
347 168 -1 0
346 168 -1 0
345 168 -1 0
344 168 -1 0
343 168 -1 0
342 168 -1 0
341 168 -1 0
340 168 -1 0
350 167 -1 0
349 167 -1 0
348 167 -1 0
347 167 -1 0
346 167 -1 0
345 167 -1 0
344 167 -1 0
343 167 -1 0
342 167 -1 0
341 167 -1 0
340 167 -1 0
351 166 -1 0
350 166 -1 0
349 166 -1 0
348 166 -1 0
347 166 -1 0
346 166 -1 0
345 166 -1 0
344 166 -1 0
343 166 -1 0
342 166 -1 0
341 166 -1 0
340 166 -1 0
351 165 -1 0
350 165 -1 0
349 165 -1 0
348 165 -1 0
347 165 -1 0
346 165 -1 0
345 165 -1 0
344 165 -1 0
343 165 -1 0
342 165 -1 0
341 165 -1 0
351 164 -1 0
350 164 -1 0
349 164 -1 0
348 164 -1 0
347 164 -1 0
346 164 -1 0
345 164 -1 0
344 164 -1 0
343 164 -1 0
342 164 -1 0
341 164 -1 0
351 163 -1 0
350 163 -1 0
349 163 -1 0
348 163 -1 0
347 163 -1 0
346 163 -1 0
345 163 -1 0
344 163 -1 0
343 163 -1 0
342 163 -1 0
341 163 -1 0
352 162 -1 0
351 162 -1 0
350 162 -1 0
349 162 -1 0
348 162 -1 0
347 162 -1 0
346 162 -1 0
345 162 -1 0
344 162 -1 0
343 162 -1 0
342 162 -1 0
341 162 -1 0
352 161 -1 0
351 161 -1 0
350 161 -1 0
349 161 -1 0
348 161 -1 0
347 161 -1 0
346 161 -1 0
345 161 -1 0
344 161 -1 0
343 161 -1 0
342 161 -1 0
352 160 -1 0
351 160 -1 0
350 160 -1 0
349 160 -1 0
348 160 -1 0
347 160 -1 0
346 160 -1 0
345 160 -1 0
344 160 -1 0
343 160 -1 0
342 160 -1 0
352 159 -1 0
351 159 -1 0
350 159 -1 0
349 159 -1 0
348 159 -1 0
347 159 -1 0
346 159 -1 0
345 159 -1 0
344 159 -1 0
343 159 -1 0
342 159 -1 0
352 158 -1 0
351 158 -1 0
350 158 -1 0
349 158 -1 0
348 158 -1 0
347 158 -1 0
346 158 -1 0
345 158 -1 0
344 158 -1 0
343 158 -1 0
342 158 -1 0
352 157 -1 0
351 157 -1 0
350 157 -1 0
349 157 -1 0
348 157 -1 0
347 157 -1 0
346 157 -1 0
345 157 -1 0
344 157 -1 0
343 157 -1 0
342 157 -1 0
352 156 -1 0
351 156 -1 0
350 156 -1 0
349 156 -1 0
348 156 -1 0
347 156 -1 0
346 156 -1 0
345 156 -1 0
344 156 -1 0
343 156 -1 0
342 156 -1 0
352 155 -1 0
351 155 -1 0
350 155 -1 0
349 155 -1 0
348 155 -1 0
347 155 -1 0
346 155 -1 0
345 155 -1 0
344 155 -1 0
343 155 -1 0
342 155 -1 0
352 154 -1 0
351 154 -1 0
350 154 -1 0
349 154 -1 0
348 154 -1 0
347 154 -1 0
346 154 -1 0
345 154 -1 0
344 154 -1 0
343 154 -1 0
342 154 -1 0
352 153 -1 0
351 153 -1 0
350 153 -1 0
349 153 -1 0
348 153 -1 0
347 153 -1 0
346 153 -1 0
345 153 -1 0
344 153 -1 0
343 153 -1 0
342 153 -1 0
352 152 -1 0
351 152 -1 0
350 152 -1 0
349 152 -1 0
348 152 -1 0
347 152 -1 0
346 152 -1 0
345 152 -1 0
344 152 -1 0
343 152 -1 0
342 152 -1 0
341 152 -1 0
351 151 -1 0
350 151 -1 0
349 151 -1 0
348 151 -1 0
347 151 -1 0
346 151 -1 0
345 151 -1 0
344 151 -1 0
343 151 -1 0
342 151 -1 0
341 151 -1 0
351 150 -1 0
350 150 -1 0
349 150 -1 0
348 150 -1 0
347 150 -1 0
346 150 -1 0
345 150 -1 0
344 150 -1 0
343 150 -1 0
342 150 -1 0
341 150 -1 0
351 149 -1 0
350 149 -1 0
349 149 -1 0
348 149 -1 0
347 149 -1 0
346 149 -1 0
345 149 -1 0
344 149 -1 0
343 149 -1 0
342 149 -1 0
341 149 -1 0
351 148 -1 0
350 148 -1 0
349 148 -1 0
348 148 -1 0
347 148 -1 0
346 148 -1 0
345 148 -1 0
344 148 -1 0
343 148 -1 0
342 148 -1 0
341 148 -1 0
350 147 -1 0
349 147 -1 0
348 147 -1 0
347 147 -1 0
346 147 -1 0
345 147 -1 0
344 147 -1 0
343 147 -1 0
342 147 -1 0
341 147 -1 0
340 147 -1 0
350 146 -1 0
349 146 -1 0
348 146 -1 0
347 146 -1 0
346 146 -1 0
345 146 -1 0
344 146 -1 0
343 146 -1 0
342 146 -1 0
341 146 -1 0
340 146 -1 0
350 145 -1 0
349 145 -1 0
348 145 -1 0
347 145 -1 0
346 145 -1 0
345 145 -1 0
344 145 -1 0
343 145 -1 0
342 145 -1 0
341 145 -1 0
340 145 -1 0
350 144 -1 0
349 144 -1 0
348 144 -1 0
347 144 -1 0
346 144 -1 0
345 144 -1 0
344 144 -1 0
343 144 -1 0
342 144 -1 0
341 144 -1 0
340 144 -1 0
339 144 -1 0
349 143 -1 0
348 143 -1 0
347 143 -1 0
346 143 -1 0
345 143 -1 0
344 143 -1 0
343 143 -1 0
342 143 -1 0
341 143 -1 0
340 143 -1 0
339 143 -1 0
338 143 -1 0
349 142 -1 0
348 142 -1 0
347 142 -1 0
346 142 -1 0
345 142 -1 0
344 142 -1 0
343 142 -1 0
342 142 -1 0
341 142 -1 0
340 142 -1 0
339 142 -1 0
338 142 -1 0
337 142 -1 0
349 141 -1 0
348 141 -1 0
347 141 -1 0
346 141 -1 0
345 141 -1 0
344 141 -1 0
343 141 -1 0
342 141 -1 0
341 141 -1 0
340 141 -1 0
339 141 -1 0
338 141 -1 0
337 141 -1 0
336 141 -1 0
335 141 -1 0
348 140 -1 0
347 140 -1 0
346 140 -1 0
345 140 -1 0
344 140 -1 0
343 140 -1 0
342 140 -1 0
341 140 -1 0
340 140 -1 0
339 140 -1 0
338 140 -1 0
337 140 -1 0
336 140 -1 0
335 140 -1 0
334 140 -1 0
348 139 -1 0
347 139 -1 0
346 139 -1 0
345 139 -1 0
344 139 -1 0
343 139 -1 0
342 139 -1 0
341 139 -1 0
340 139 -1 0
339 139 -1 0
338 139 -1 0
337 139 -1 0
336 139 -1 0
335 139 -1 0
334 139 -1 0
333 139 -1 0
332 139 -1 0
348 138 -1 0
347 138 -1 0
346 138 -1 0
345 138 -1 0
344 138 -1 0
343 138 -1 0
342 138 -1 0
341 138 -1 0
340 138 -1 0
339 138 -1 0
338 138 -1 0
337 138 -1 0
336 138 -1 0
335 138 -1 0
334 138 -1 0
333 138 -1 0
332 138 -1 0
331 138 -1 0
347 137 -1 0
346 137 -1 0
345 137 -1 0
344 137 -1 0
343 137 -1 0
342 137 -1 0
341 137 -1 0
340 137 -1 0
339 137 -1 0
338 137 -1 0
337 137 -1 0
336 137 -1 0
335 137 -1 0
334 137 -1 0
333 137 -1 0
332 137 -1 0
331 137 -1 0
330 137 -1 0
346 136 -1 0
345 136 -1 0
344 136 -1 0
343 136 -1 0
342 136 -1 0
341 136 -1 0
340 136 -1 0
339 136 -1 0
338 136 -1 0
337 136 -1 0
336 136 -1 0
335 136 -1 0
334 136 -1 0
333 136 -1 0
332 136 -1 0
331 136 -1 0
330 136 -1 0
329 136 -1 0
328 136 -1 0
345 135 -1 0
344 135 -1 0
343 135 -1 0
342 135 -1 0
341 135 -1 0
340 135 -1 0
339 135 -1 0
338 135 -1 0
337 135 -1 0
336 135 -1 0
335 135 -1 0
334 135 -1 0
333 135 -1 0
332 135 -1 0
331 135 -1 0
330 135 -1 0
329 135 -1 0
328 135 -1 0
327 135 -1 0
344 134 -1 0
343 134 -1 0
342 134 -1 0
341 134 -1 0
340 134 -1 0
339 134 -1 0
338 134 -1 0
337 134 -1 0
336 134 -1 0
335 134 -1 0
334 134 -1 0
333 134 -1 0
332 134 -1 0
331 134 -1 0
330 134 -1 0
329 134 -1 0
328 134 -1 0
327 134 -1 0
343 133 -1 0
342 133 -1 0
341 133 -1 0
340 133 -1 0
339 133 -1 0
338 133 -1 0
337 133 -1 0
336 133 -1 0
335 133 -1 0
334 133 -1 0
333 133 -1 0
332 133 -1 0
331 133 -1 0
330 133 -1 0
329 133 -1 0
328 133 -1 0
327 133 -1 0
341 132 -1 0
340 132 -1 0
339 132 -1 0
338 132 -1 0
337 132 -1 0
336 132 -1 0
335 132 -1 0
334 132 -1 0
333 132 -1 0
332 132 -1 0
331 132 -1 0
330 132 -1 0
329 132 -1 0
328 132 -1 0
327 132 -1 0
326 132 -1 0
340 131 -1 0
339 131 -1 0
338 131 -1 0
337 131 -1 0
336 131 -1 0
335 131 -1 0
334 131 -1 0
333 131 -1 0
332 131 -1 0
331 131 -1 0
330 131 -1 0
329 131 -1 0
328 131 -1 0
327 131 -1 0
326 131 -1 0
338 130 -1 0
337 130 -1 0
336 130 -1 0
335 130 -1 0
334 130 -1 0
333 130 -1 0
332 130 -1 0
331 130 -1 0
330 130 -1 0
329 130 -1 0
328 130 -1 0
327 130 -1 0
121 130 -1 0
337 129 -1 0
336 129 -1 0
335 129 -1 0
334 129 -1 0
333 129 -1 0
332 129 -1 0
331 129 -1 0
330 129 -1 0
329 129 -1 0
328 129 -1 0
327 129 -1 0
124 129 -1 0
123 129 -1 0
122 129 -1 0
121 129 -1 0
120 129 -1 0
119 129 -1 0
118 129 -1 0
336 128 -1 0
335 128 -1 0
334 128 -1 0
333 128 -1 0
332 128 -1 0
331 128 -1 0
330 128 -1 0
329 128 -1 0
328 128 -1 0
327 128 -1 0
326 128 -1 0
125 128 -1 0
124 128 -1 0
123 128 -1 0
122 128 -1 0
121 128 -1 0
120 128 -1 0
119 128 -1 0
118 128 -1 0
117 128 -1 0
336 127 -1 0
335 127 -1 0
334 127 -1 0
333 127 -1 0
332 127 -1 0
331 127 -1 0
330 127 -1 0
329 127 -1 0
328 127 -1 0
327 127 -1 0
326 127 -1 0
126 127 -1 0
125 127 -1 0
124 127 -1 0
123 127 -1 0
122 127 -1 0
121 127 -1 0
120 127 -1 0
119 127 -1 0
118 127 -1 0
117 127 -1 0
336 126 -1 0
335 126 -1 0
334 126 -1 0
333 126 -1 0
332 126 -1 0
331 126 -1 0
330 126 -1 0
329 126 -1 0
328 126 -1 0
327 126 -1 0
326 126 -1 0
325 126 -1 0
126 126 -1 0
125 126 -1 0
124 126 -1 0
123 126 -1 0
122 126 -1 0
121 126 -1 0
120 126 -1 0
119 126 -1 0
118 126 -1 0
117 126 -1 0
336 125 -1 0
335 125 -1 0
334 125 -1 0
333 125 -1 0
332 125 -1 0
331 125 -1 0
330 125 -1 0
329 125 -1 0
328 125 -1 0
327 125 -1 0
326 125 -1 0
325 125 -1 0
126 125 -1 0
125 125 -1 0
124 125 -1 0
123 125 -1 0
122 125 -1 0
121 125 -1 0
120 125 -1 0
119 125 -1 0
118 125 -1 0
117 125 -1 0
116 125 -1 0
335 124 -1 0
334 124 -1 0
333 124 -1 0
332 124 -1 0
331 124 -1 0
330 124 -1 0
329 124 -1 0
328 124 -1 0
327 124 -1 0
326 124 -1 0
325 124 -1 0
324 124 -1 0
179 124 -1 0
178 124 -1 0
177 124 -1 0
176 124 -1 0
175 124 -1 0
174 124 -1 0
173 124 -1 0
172 124 -1 0
171 124 -1 0
170 124 -1 0
169 124 -1 0
168 124 -1 0
167 124 -1 0
166 124 -1 0
165 124 -1 0
164 124 -1 0
163 124 -1 0
162 124 -1 0
161 124 -1 0
160 124 -1 0
159 124 -1 0
158 124 -1 0
157 124 -1 0
156 124 -1 0
155 124 -1 0
154 124 -1 0
127 124 -1 0
126 124 -1 0
125 124 -1 0
124 124 -1 0
123 124 -1 0
122 124 -1 0
121 124 -1 0
120 124 -1 0
119 124 -1 0
118 124 -1 0
117 124 -1 0
116 124 -1 0
335 123 -1 0
334 123 -1 0
333 123 -1 0
332 123 -1 0
331 123 -1 0
330 123 -1 0
329 123 -1 0
328 123 -1 0
327 123 -1 0
326 123 -1 0
325 123 -1 0
324 123 -1 0
182 123 -1 0
181 123 -1 0
180 123 -1 0
179 123 -1 0
178 123 -1 0
177 123 -1 0
176 123 -1 0
175 123 -1 0
174 123 -1 0
173 123 -1 0
172 123 -1 0
171 123 -1 0
170 123 -1 0
169 123 -1 0
168 123 -1 0
167 123 -1 0
166 123 -1 0
165 123 -1 0
164 123 -1 0
163 123 -1 0
162 123 -1 0
161 123 -1 0
160 123 -1 0
159 123 -1 0
158 123 -1 0
157 123 -1 0
156 123 -1 0
155 123 -1 0
154 123 -1 0
153 123 -1 0
152 123 -1 0
151 123 -1 0
127 123 -1 0
126 123 -1 0
125 123 -1 0
124 123 -1 0
123 123 -1 0
122 123 -1 0
121 123 -1 0
120 123 -1 0
119 123 -1 0
118 123 -1 0
117 123 -1 0
335 122 -1 0
334 122 -1 0
333 122 -1 0
332 122 -1 0
331 122 -1 0
330 122 -1 0
329 122 -1 0
328 122 -1 0
327 122 -1 0
326 122 -1 0
325 122 -1 0
324 122 -1 0
323 122 -1 0
183 122 -1 0
182 122 -1 0
181 122 -1 0
180 122 -1 0
179 122 -1 0
178 122 -1 0
177 122 -1 0
176 122 -1 0
175 122 -1 0
174 122 -1 0
173 122 -1 0
172 122 -1 0
171 122 -1 0
170 122 -1 0
169 122 -1 0
168 122 -1 0
167 122 -1 0
166 122 -1 0
165 122 -1 0
164 122 -1 0
163 122 -1 0
162 122 -1 0
161 122 -1 0
160 122 -1 0
159 122 -1 0
158 122 -1 0
157 122 -1 0
156 122 -1 0
155 122 -1 0
154 122 -1 0
153 122 -1 0
152 122 -1 0
151 122 -1 0
150 122 -1 0
128 122 -1 0
127 122 -1 0
126 122 -1 0
125 122 -1 0
124 122 -1 0
123 122 -1 0
122 122 -1 0
121 122 -1 0
120 122 -1 0
119 122 -1 0
118 122 -1 0
117 122 -1 0
334 121 -1 0
333 121 -1 0
332 121 -1 0
331 121 -1 0
330 121 -1 0
329 121 -1 0
328 121 -1 0
327 121 -1 0
326 121 -1 0
325 121 -1 0
324 121 -1 0
323 121 -1 0
322 121 -1 0
183 121 -1 0
182 121 -1 0
181 121 -1 0
180 121 -1 0
179 121 -1 0
178 121 -1 0
177 121 -1 0
176 121 -1 0
175 121 -1 0
174 121 -1 0
173 121 -1 0
172 121 -1 0
171 121 -1 0
170 121 -1 0
169 121 -1 0
168 121 -1 0
167 121 -1 0
166 121 -1 0
165 121 -1 0
164 121 -1 0
163 121 -1 0
162 121 -1 0
161 121 -1 0
160 121 -1 0
159 121 -1 0
158 121 -1 0
157 121 -1 0
156 121 -1 0
155 121 -1 0
154 121 -1 0
153 121 -1 0
152 121 -1 0
151 121 -1 0
150 121 -1 0
128 121 -1 0
127 121 -1 0
126 121 -1 0
125 121 -1 0
124 121 -1 0
123 121 -1 0
122 121 -1 0
121 121 -1 0
120 121 -1 0
119 121 -1 0
118 121 -1 0
117 121 -1 0
334 120 -1 0
333 120 -1 0
332 120 -1 0
331 120 -1 0
330 120 -1 0
329 120 -1 0
328 120 -1 0
327 120 -1 0
326 120 -1 0
325 120 -1 0
324 120 -1 0
323 120 -1 0
322 120 -1 0
183 120 -1 0
182 120 -1 0
181 120 -1 0
180 120 -1 0
179 120 -1 0
178 120 -1 0
177 120 -1 0
176 120 -1 0
175 120 -1 0
174 120 -1 0
173 120 -1 0
172 120 -1 0
171 120 -1 0
170 120 -1 0
169 120 -1 0
168 120 -1 0
167 120 -1 0
166 120 -1 0
165 120 -1 0
164 120 -1 0
163 120 -1 0
162 120 -1 0
161 120 -1 0
160 120 -1 0
159 120 -1 0
158 120 -1 0
157 120 -1 0
156 120 -1 0
155 120 -1 0
154 120 -1 0
153 120 -1 0
152 120 -1 0
151 120 -1 0
150 120 -1 0
128 120 -1 0
127 120 -1 0
126 120 -1 0
125 120 -1 0
124 120 -1 0
123 120 -1 0
122 120 -1 0
121 120 -1 0
120 120 -1 0
119 120 -1 0
118 120 -1 0
333 119 -1 0
332 119 -1 0
331 119 -1 0
330 119 -1 0
329 119 -1 0
328 119 -1 0
327 119 -1 0
326 119 -1 0
325 119 -1 0
324 119 -1 0
323 119 -1 0
322 119 -1 0
321 119 -1 0
184 119 -1 0
183 119 -1 0
182 119 -1 0
181 119 -1 0
180 119 -1 0
179 119 -1 0
178 119 -1 0
177 119 -1 0
176 119 -1 0
175 119 -1 0
174 119 -1 0
173 119 -1 0
172 119 -1 0
171 119 -1 0
170 119 -1 0
169 119 -1 0
168 119 -1 0
167 119 -1 0
166 119 -1 0
165 119 -1 0
164 119 -1 0
163 119 -1 0
162 119 -1 0
161 119 -1 0
160 119 -1 0
159 119 -1 0
158 119 -1 0
157 119 -1 0
156 119 -1 0
155 119 -1 0
154 119 -1 0
153 119 -1 0
152 119 -1 0
151 119 -1 0
150 119 -1 0
149 119 -1 0
129 119 -1 0
128 119 -1 0
127 119 -1 0
126 119 -1 0
125 119 -1 0
124 119 -1 0
123 119 -1 0
122 119 -1 0
121 119 -1 0
120 119 -1 0
119 119 -1 0
118 119 -1 0
333 118 -1 0
332 118 -1 0
331 118 -1 0
330 118 -1 0
329 118 -1 0
328 118 -1 0
327 118 -1 0
326 118 -1 0
325 118 -1 0
324 118 -1 0
323 118 -1 0
322 118 -1 0
321 118 -1 0
183 118 -1 0
182 118 -1 0
181 118 -1 0
180 118 -1 0
179 118 -1 0
178 118 -1 0
177 118 -1 0
176 118 -1 0
175 118 -1 0
174 118 -1 0
173 118 -1 0
172 118 -1 0
171 118 -1 0
170 118 -1 0
169 118 -1 0
168 118 -1 0
167 118 -1 0
166 118 -1 0
165 118 -1 0
164 118 -1 0
163 118 -1 0
162 118 -1 0
161 118 -1 0
160 118 -1 0
159 118 -1 0
158 118 -1 0
157 118 -1 0
156 118 -1 0
155 118 -1 0
154 118 -1 0
153 118 -1 0
152 118 -1 0
151 118 -1 0
150 118 -1 0
149 118 -1 0
148 118 -1 0
129 118 -1 0
128 118 -1 0
127 118 -1 0
126 118 -1 0
125 118 -1 0
124 118 -1 0
123 118 -1 0
122 118 -1 0
121 118 -1 0
120 118 -1 0
119 118 -1 0
118 118 -1 0
332 117 -1 0
331 117 -1 0
330 117 -1 0
329 117 -1 0
328 117 -1 0
327 117 -1 0
326 117 -1 0
325 117 -1 0
324 117 -1 0
323 117 -1 0
322 117 -1 0
321 117 -1 0
320 117 -1 0
183 117 -1 0
182 117 -1 0
181 117 -1 0
180 117 -1 0
179 117 -1 0
178 117 -1 0
177 117 -1 0
176 117 -1 0
175 117 -1 0
174 117 -1 0
173 117 -1 0
172 117 -1 0
171 117 -1 0
170 117 -1 0
169 117 -1 0
168 117 -1 0
167 117 -1 0
166 117 -1 0
165 117 -1 0
164 117 -1 0
163 117 -1 0
162 117 -1 0
161 117 -1 0
160 117 -1 0
159 117 -1 0
158 117 -1 0
157 117 -1 0
156 117 -1 0
155 117 -1 0
154 117 -1 0
153 117 -1 0
152 117 -1 0
151 117 -1 0
150 117 -1 0
149 117 -1 0
148 117 -1 0
147 117 -1 0
130 117 -1 0
129 117 -1 0
128 117 -1 0
127 117 -1 0
126 117 -1 0
125 117 -1 0
124 117 -1 0
123 117 -1 0
122 117 -1 0
121 117 -1 0
120 117 -1 0
119 117 -1 0
331 116 -1 0
330 116 -1 0
329 116 -1 0
328 116 -1 0
327 116 -1 0
326 116 -1 0
325 116 -1 0
324 116 -1 0
323 116 -1 0
322 116 -1 0
321 116 -1 0
320 116 -1 0
319 116 -1 0
183 116 -1 0
182 116 -1 0
181 116 -1 0
180 116 -1 0
179 116 -1 0
178 116 -1 0
177 116 -1 0
176 116 -1 0
175 116 -1 0
174 116 -1 0
173 116 -1 0
172 116 -1 0
171 116 -1 0
170 116 -1 0
169 116 -1 0
168 116 -1 0
167 116 -1 0
166 116 -1 0
165 116 -1 0
164 116 -1 0
163 116 -1 0
162 116 -1 0
161 116 -1 0
160 116 -1 0
159 116 -1 0
158 116 -1 0
157 116 -1 0
156 116 -1 0
155 116 -1 0
154 116 -1 0
153 116 -1 0
152 116 -1 0
151 116 -1 0
150 116 -1 0
149 116 -1 0
148 116 -1 0
147 116 -1 0
146 116 -1 0
130 116 -1 0
129 116 -1 0
128 116 -1 0
127 116 -1 0
126 116 -1 0
125 116 -1 0
124 116 -1 0
123 116 -1 0
122 116 -1 0
121 116 -1 0
120 116 -1 0
119 116 -1 0
331 115 -1 0
330 115 -1 0
329 115 -1 0
328 115 -1 0
327 115 -1 0
326 115 -1 0
325 115 -1 0
324 115 -1 0
323 115 -1 0
322 115 -1 0
321 115 -1 0
320 115 -1 0
319 115 -1 0
318 115 -1 0
317 115 -1 0
316 115 -1 0
182 115 -1 0
181 115 -1 0
180 115 -1 0
179 115 -1 0
178 115 -1 0
177 115 -1 0
176 115 -1 0
175 115 -1 0
174 115 -1 0
173 115 -1 0
172 115 -1 0
171 115 -1 0
170 115 -1 0
169 115 -1 0
168 115 -1 0
167 115 -1 0
166 115 -1 0
165 115 -1 0
164 115 -1 0
163 115 -1 0
162 115 -1 0
161 115 -1 0
160 115 -1 0
159 115 -1 0
158 115 -1 0
157 115 -1 0
156 115 -1 0
155 115 -1 0
154 115 -1 0
153 115 -1 0
152 115 -1 0
151 115 -1 0
150 115 -1 0
149 115 -1 0
148 115 -1 0
147 115 -1 0
146 115 -1 0
145 115 -1 0
144 115 -1 0
130 115 -1 0
129 115 -1 0
128 115 -1 0
127 115 -1 0
126 115 -1 0
125 115 -1 0
124 115 -1 0
123 115 -1 0
122 115 -1 0
121 115 -1 0
120 115 -1 0
330 114 -1 0
329 114 -1 0
328 114 -1 0
327 114 -1 0
326 114 -1 0
325 114 -1 0
324 114 -1 0
323 114 -1 0
322 114 -1 0
321 114 -1 0
320 114 -1 0
319 114 -1 0
318 114 -1 0
317 114 -1 0
316 114 -1 0
315 114 -1 0
314 114 -1 0
179 114 -1 0
178 114 -1 0
177 114 -1 0
176 114 -1 0
175 114 -1 0
174 114 -1 0
173 114 -1 0
172 114 -1 0
171 114 -1 0
170 114 -1 0
169 114 -1 0
168 114 -1 0
167 114 -1 0
166 114 -1 0
165 114 -1 0
164 114 -1 0
163 114 -1 0
162 114 -1 0
161 114 -1 0
160 114 -1 0
159 114 -1 0
158 114 -1 0
157 114 -1 0
156 114 -1 0
155 114 -1 0
154 114 -1 0
153 114 -1 0
152 114 -1 0
151 114 -1 0
150 114 -1 0
149 114 -1 0
148 114 -1 0
147 114 -1 0
146 114 -1 0
145 114 -1 0
144 114 -1 0
143 114 -1 0
131 114 -1 0
130 114 -1 0
129 114 -1 0
128 114 -1 0
127 114 -1 0
126 114 -1 0
125 114 -1 0
124 114 -1 0
123 114 -1 0
122 114 -1 0
121 114 -1 0
120 114 -1 0
330 113 -1 0
329 113 -1 0
328 113 -1 0
327 113 -1 0
326 113 -1 0
325 113 -1 0
324 113 -1 0
323 113 -1 0
322 113 -1 0
321 113 -1 0
320 113 -1 0
319 113 -1 0
318 113 -1 0
317 113 -1 0
316 113 -1 0
315 113 -1 0
314 113 -1 0
313 113 -1 0
157 113 -1 0
156 113 -1 0
155 113 -1 0
154 113 -1 0
153 113 -1 0
152 113 -1 0
151 113 -1 0
150 113 -1 0
149 113 -1 0
148 113 -1 0
147 113 -1 0
146 113 -1 0
145 113 -1 0
144 113 -1 0
143 113 -1 0
142 113 -1 0
132 113 -1 0
131 113 -1 0
130 113 -1 0
129 113 -1 0
128 113 -1 0
127 113 -1 0
126 113 -1 0
125 113 -1 0
124 113 -1 0
123 113 -1 0
122 113 -1 0
121 113 -1 0
120 113 -1 0
329 112 -1 0
328 112 -1 0
327 112 -1 0
326 112 -1 0
325 112 -1 0
324 112 -1 0
323 112 -1 0
322 112 -1 0
321 112 -1 0
320 112 -1 0
319 112 -1 0
318 112 -1 0
317 112 -1 0
316 112 -1 0
315 112 -1 0
314 112 -1 0
313 112 -1 0
312 112 -1 0
311 112 -1 0
310 112 -1 0
309 112 -1 0
157 112 -1 0
156 112 -1 0
155 112 -1 0
154 112 -1 0
153 112 -1 0
152 112 -1 0
151 112 -1 0
150 112 -1 0
149 112 -1 0
148 112 -1 0
147 112 -1 0
146 112 -1 0
145 112 -1 0
144 112 -1 0
143 112 -1 0
142 112 -1 0
141 112 -1 0
133 112 -1 0
132 112 -1 0
131 112 -1 0
130 112 -1 0
129 112 -1 0
128 112 -1 0
127 112 -1 0
126 112 -1 0
125 112 -1 0
124 112 -1 0
123 112 -1 0
122 112 -1 0
121 112 -1 0
329 111 -1 0
328 111 -1 0
327 111 -1 0
326 111 -1 0
325 111 -1 0
324 111 -1 0
323 111 -1 0
322 111 -1 0
321 111 -1 0
320 111 -1 0
319 111 -1 0
318 111 -1 0
317 111 -1 0
316 111 -1 0
315 111 -1 0
314 111 -1 0
313 111 -1 0
312 111 -1 0
311 111 -1 0
310 111 -1 0
309 111 -1 0
308 111 -1 0
307 111 -1 0
306 111 -1 0
305 111 -1 0
156 111 -1 0
155 111 -1 0
154 111 -1 0
153 111 -1 0
152 111 -1 0
151 111 -1 0
150 111 -1 0
149 111 -1 0
148 111 -1 0
147 111 -1 0
146 111 -1 0
145 111 -1 0
144 111 -1 0
143 111 -1 0
142 111 -1 0
141 111 -1 0
140 111 -1 0
139 111 -1 0
133 111 -1 0
132 111 -1 0
131 111 -1 0
130 111 -1 0
129 111 -1 0
128 111 -1 0
127 111 -1 0
126 111 -1 0
125 111 -1 0
124 111 -1 0
123 111 -1 0
122 111 -1 0
121 111 -1 0
328 110 -1 0
327 110 -1 0
326 110 -1 0
325 110 -1 0
324 110 -1 0
323 110 -1 0
322 110 -1 0
321 110 -1 0
320 110 -1 0
319 110 -1 0
318 110 -1 0
317 110 -1 0
316 110 -1 0
315 110 -1 0
314 110 -1 0
313 110 -1 0
312 110 -1 0
311 110 -1 0
310 110 -1 0
309 110 -1 0
308 110 -1 0
307 110 -1 0
306 110 -1 0
305 110 -1 0
304 110 -1 0
303 110 -1 0
302 110 -1 0
301 110 -1 0
300 110 -1 0
299 110 -1 0
155 110 -1 0
154 110 -1 0
153 110 -1 0
152 110 -1 0
151 110 -1 0
150 110 -1 0
149 110 -1 0
148 110 -1 0
147 110 -1 0
146 110 -1 0
145 110 -1 0
144 110 -1 0
143 110 -1 0
142 110 -1 0
141 110 -1 0
140 110 -1 0
139 110 -1 0
138 110 -1 0
137 110 -1 0
134 110 -1 0
133 110 -1 0
132 110 -1 0
131 110 -1 0
130 110 -1 0
129 110 -1 0
128 110 -1 0
127 110 -1 0
126 110 -1 0
125 110 -1 0
124 110 -1 0
123 110 -1 0
122 110 -1 0
327 109 -1 0
326 109 -1 0
325 109 -1 0
324 109 -1 0
323 109 -1 0
322 109 -1 0
321 109 -1 0
320 109 -1 0
319 109 -1 0
318 109 -1 0
317 109 -1 0
316 109 -1 0
315 109 -1 0
314 109 -1 0
313 109 -1 0
312 109 -1 0
311 109 -1 0
310 109 -1 0
309 109 -1 0
308 109 -1 0
307 109 -1 0
306 109 -1 0
305 109 -1 0
304 109 -1 0
303 109 -1 0
302 109 -1 0
301 109 -1 0
300 109 -1 0
299 109 -1 0
298 109 -1 0
297 109 -1 0
296 109 -1 0
154 109 -1 0
153 109 -1 0
152 109 -1 0
151 109 -1 0
150 109 -1 0
149 109 -1 0
148 109 -1 0
147 109 -1 0
146 109 -1 0
145 109 -1 0
144 109 -1 0
143 109 -1 0
142 109 -1 0
141 109 -1 0
140 109 -1 0
139 109 -1 0
138 109 -1 0
137 109 -1 0
136 109 -1 0
135 109 -1 0
134 109 -1 0
133 109 -1 0
132 109 -1 0
131 109 -1 0
130 109 -1 0
129 109 -1 0
128 109 -1 0
127 109 -1 0
126 109 -1 0
125 109 -1 0
124 109 -1 0
123 109 -1 0
122 109 -1 0
326 108 -1 0
325 108 -1 0
324 108 -1 0
323 108 -1 0
322 108 -1 0
321 108 -1 0
320 108 -1 0
319 108 -1 0
318 108 -1 0
317 108 -1 0
316 108 -1 0
315 108 -1 0
314 108 -1 0
313 108 -1 0
312 108 -1 0
311 108 -1 0
310 108 -1 0
309 108 -1 0
308 108 -1 0
307 108 -1 0
306 108 -1 0
305 108 -1 0
304 108 -1 0
303 108 -1 0
302 108 -1 0
301 108 -1 0
300 108 -1 0
299 108 -1 0
298 108 -1 0
297 108 -1 0
296 108 -1 0
295 108 -1 0
294 108 -1 0
293 108 -1 0
153 108 -1 0
152 108 -1 0
151 108 -1 0
150 108 -1 0
149 108 -1 0
148 108 -1 0
147 108 -1 0
146 108 -1 0
145 108 -1 0
144 108 -1 0
143 108 -1 0
142 108 -1 0
141 108 -1 0
140 108 -1 0
139 108 -1 0
138 108 -1 0
137 108 -1 0
136 108 -1 0
135 108 -1 0
134 108 -1 0
133 108 -1 0
132 108 -1 0
131 108 -1 0
130 108 -1 0
129 108 -1 0
128 108 -1 0
127 108 -1 0
126 108 -1 0
125 108 -1 0
124 108 -1 0
123 108 -1 0
325 107 -1 0
324 107 -1 0
323 107 -1 0
322 107 -1 0
321 107 -1 0
320 107 -1 0
319 107 -1 0
318 107 -1 0
317 107 -1 0
316 107 -1 0
315 107 -1 0
314 107 -1 0
313 107 -1 0
312 107 -1 0
311 107 -1 0
310 107 -1 0
309 107 -1 0
308 107 -1 0
307 107 -1 0
306 107 -1 0
305 107 -1 0
304 107 -1 0
303 107 -1 0
302 107 -1 0
301 107 -1 0
300 107 -1 0
299 107 -1 0
298 107 -1 0
297 107 -1 0
296 107 -1 0
295 107 -1 0
294 107 -1 0
293 107 -1 0
292 107 -1 0
291 107 -1 0
152 107 -1 0
151 107 -1 0
150 107 -1 0
149 107 -1 0
148 107 -1 0
147 107 -1 0
146 107 -1 0
145 107 -1 0
144 107 -1 0
143 107 -1 0
142 107 -1 0
141 107 -1 0
140 107 -1 0
139 107 -1 0
138 107 -1 0
137 107 -1 0
136 107 -1 0
135 107 -1 0
134 107 -1 0
133 107 -1 0
132 107 -1 0
131 107 -1 0
130 107 -1 0
129 107 -1 0
128 107 -1 0
127 107 -1 0
126 107 -1 0
125 107 -1 0
124 107 -1 0
123 107 -1 0
322 106 -1 0
321 106 -1 0
320 106 -1 0
319 106 -1 0
318 106 -1 0
317 106 -1 0
316 106 -1 0
315 106 -1 0
314 106 -1 0
313 106 -1 0
312 106 -1 0
311 106 -1 0
310 106 -1 0
309 106 -1 0
308 106 -1 0
307 106 -1 0
306 106 -1 0
305 106 -1 0
304 106 -1 0
303 106 -1 0
302 106 -1 0
301 106 -1 0
300 106 -1 0
299 106 -1 0
298 106 -1 0
297 106 -1 0
296 106 -1 0
295 106 -1 0
294 106 -1 0
293 106 -1 0
292 106 -1 0
291 106 -1 0
290 106 -1 0
150 106 -1 0
149 106 -1 0
148 106 -1 0
147 106 -1 0
146 106 -1 0
145 106 -1 0
144 106 -1 0
143 106 -1 0
142 106 -1 0
141 106 -1 0
140 106 -1 0
139 106 -1 0
138 106 -1 0
137 106 -1 0
136 106 -1 0
135 106 -1 0
134 106 -1 0
133 106 -1 0
132 106 -1 0
131 106 -1 0
130 106 -1 0
129 106 -1 0
128 106 -1 0
127 106 -1 0
126 106 -1 0
125 106 -1 0
124 106 -1 0
320 105 -1 0
319 105 -1 0
318 105 -1 0
317 105 -1 0
316 105 -1 0
315 105 -1 0
314 105 -1 0
313 105 -1 0
312 105 -1 0
311 105 -1 0
310 105 -1 0
309 105 -1 0
308 105 -1 0
307 105 -1 0
306 105 -1 0
305 105 -1 0
304 105 -1 0
303 105 -1 0
302 105 -1 0
301 105 -1 0
300 105 -1 0
299 105 -1 0
298 105 -1 0
297 105 -1 0
296 105 -1 0
295 105 -1 0
294 105 -1 0
293 105 -1 0
292 105 -1 0
291 105 -1 0
290 105 -1 0
149 105 -1 0
148 105 -1 0
147 105 -1 0
146 105 -1 0
145 105 -1 0
144 105 -1 0
143 105 -1 0
142 105 -1 0
141 105 -1 0
140 105 -1 0
139 105 -1 0
138 105 -1 0
137 105 -1 0
136 105 -1 0
135 105 -1 0
134 105 -1 0
133 105 -1 0
132 105 -1 0
131 105 -1 0
130 105 -1 0
129 105 -1 0
128 105 -1 0
127 105 -1 0
126 105 -1 0
125 105 -1 0
319 104 -1 0
318 104 -1 0
317 104 -1 0
316 104 -1 0
315 104 -1 0
314 104 -1 0
313 104 -1 0
312 104 -1 0
311 104 -1 0
310 104 -1 0
309 104 -1 0
308 104 -1 0
307 104 -1 0
306 104 -1 0
305 104 -1 0
304 104 -1 0
303 104 -1 0
302 104 -1 0
301 104 -1 0
300 104 -1 0
299 104 -1 0
298 104 -1 0
297 104 -1 0
296 104 -1 0
295 104 -1 0
294 104 -1 0
293 104 -1 0
292 104 -1 0
291 104 -1 0
290 104 -1 0
148 104 -1 0
147 104 -1 0
146 104 -1 0
145 104 -1 0
144 104 -1 0
143 104 -1 0
142 104 -1 0
141 104 -1 0
140 104 -1 0
139 104 -1 0
138 104 -1 0
137 104 -1 0
136 104 -1 0
135 104 -1 0
134 104 -1 0
133 104 -1 0
132 104 -1 0
131 104 -1 0
130 104 -1 0
129 104 -1 0
128 104 -1 0
127 104 -1 0
126 104 -1 0
125 104 -1 0
316 103 -1 0
315 103 -1 0
314 103 -1 0
313 103 -1 0
312 103 -1 0
311 103 -1 0
310 103 -1 0
309 103 -1 0
308 103 -1 0
307 103 -1 0
306 103 -1 0
305 103 -1 0
304 103 -1 0
303 103 -1 0
302 103 -1 0
301 103 -1 0
300 103 -1 0
299 103 -1 0
298 103 -1 0
297 103 -1 0
296 103 -1 0
295 103 -1 0
294 103 -1 0
293 103 -1 0
292 103 -1 0
291 103 -1 0
290 103 -1 0
289 103 -1 0
147 103 -1 0
146 103 -1 0
145 103 -1 0
144 103 -1 0
143 103 -1 0
142 103 -1 0
141 103 -1 0
140 103 -1 0
139 103 -1 0
138 103 -1 0
137 103 -1 0
136 103 -1 0
135 103 -1 0
134 103 -1 0
133 103 -1 0
132 103 -1 0
131 103 -1 0
130 103 -1 0
129 103 -1 0
128 103 -1 0
127 103 -1 0
126 103 -1 0
313 102 -1 0
312 102 -1 0
311 102 -1 0
310 102 -1 0
309 102 -1 0
308 102 -1 0
307 102 -1 0
306 102 -1 0
305 102 -1 0
304 102 -1 0
303 102 -1 0
302 102 -1 0
301 102 -1 0
300 102 -1 0
299 102 -1 0
298 102 -1 0
297 102 -1 0
296 102 -1 0
295 102 -1 0
294 102 -1 0
293 102 -1 0
292 102 -1 0
291 102 -1 0
290 102 -1 0
145 102 -1 0
144 102 -1 0
143 102 -1 0
142 102 -1 0
141 102 -1 0
140 102 -1 0
139 102 -1 0
138 102 -1 0
137 102 -1 0
136 102 -1 0
135 102 -1 0
134 102 -1 0
133 102 -1 0
132 102 -1 0
131 102 -1 0
130 102 -1 0
129 102 -1 0
128 102 -1 0
127 102 -1 0
126 102 -1 0
309 101 -1 0
308 101 -1 0
307 101 -1 0
306 101 -1 0
305 101 -1 0
304 101 -1 0
303 101 -1 0
302 101 -1 0
301 101 -1 0
300 101 -1 0
299 101 -1 0
298 101 -1 0
297 101 -1 0
296 101 -1 0
295 101 -1 0
294 101 -1 0
293 101 -1 0
292 101 -1 0
291 101 -1 0
290 101 -1 0
143 101 -1 0
142 101 -1 0
141 101 -1 0
140 101 -1 0
139 101 -1 0
138 101 -1 0
137 101 -1 0
136 101 -1 0
135 101 -1 0
134 101 -1 0
133 101 -1 0
132 101 -1 0
131 101 -1 0
130 101 -1 0
129 101 -1 0
128 101 -1 0
127 101 -1 0
305 100 -1 0
304 100 -1 0
303 100 -1 0
302 100 -1 0
301 100 -1 0
300 100 -1 0
299 100 -1 0
298 100 -1 0
297 100 -1 0
296 100 -1 0
295 100 -1 0
294 100 -1 0
293 100 -1 0
292 100 -1 0
291 100 -1 0
290 100 -1 0
141 100 -1 0
140 100 -1 0
139 100 -1 0
138 100 -1 0
137 100 -1 0
136 100 -1 0
135 100 -1 0
134 100 -1 0
133 100 -1 0
132 100 -1 0
131 100 -1 0
130 100 -1 0
129 100 -1 0
128 100 -1 0
127 100 -1 0
299 99 -1 0
298 99 -1 0
297 99 -1 0
296 99 -1 0
295 99 -1 0
294 99 -1 0
293 99 -1 0
292 99 -1 0
291 99 -1 0
140 99 -1 0
139 99 -1 0
138 99 -1 0
137 99 -1 0
136 99 -1 0
135 99 -1 0
134 99 -1 0
133 99 -1 0
132 99 -1 0
131 99 -1 0
130 99 -1 0
129 99 -1 0
128 99 -1 0
127 99 -1 0
296 98 -1 0
295 98 -1 0
294 98 -1 0
138 98 -1 0
137 98 -1 0
136 98 -1 0
135 98 -1 0
134 98 -1 0
133 98 -1 0
132 98 -1 0
131 98 -1 0
130 98 -1 0
129 98 -1 0
128 98 -1 0
135 97 -1 0
134 97 -1 0
133 97 -1 0
132 97 -1 0
131 97 -1 0
