4411 400 400
317 318 -1 0
320 317 -1 0
319 317 -1 0
318 317 -1 0
317 317 -1 0
316 317 -1 0
315 317 -1 0
314 317 -1 0
321 316 -1 0
320 316 -1 0
319 316 -1 0
318 316 -1 0
317 316 -1 0
316 316 -1 0
315 316 -1 0
314 316 -1 0
313 316 -1 0
321 315 -1 0
320 315 -1 0
319 315 -1 0
318 315 -1 0
317 315 -1 0
316 315 -1 0
315 315 -1 0
314 315 -1 0
313 315 -1 0
312 315 -1 0
321 314 -1 0
320 314 -1 0
319 314 -1 0
318 314 -1 0
317 314 -1 0
316 314 -1 0
315 314 -1 0
314 314 -1 0
313 314 -1 0
312 314 -1 0
322 313 -1 0
321 313 -1 0
320 313 -1 0
319 313 -1 0
318 313 -1 0
317 313 -1 0
316 313 -1 0
315 313 -1 0
314 313 -1 0
313 313 -1 0
312 313 -1 0
322 312 -1 0
321 312 -1 0
320 312 -1 0
319 312 -1 0
318 312 -1 0
317 312 -1 0
316 312 -1 0
315 312 -1 0
314 312 -1 0
313 312 -1 0
312 312 -1 0
311 312 -1 0
321 311 -1 0
320 311 -1 0
319 311 -1 0
318 311 -1 0
317 311 -1 0
316 311 -1 0
315 311 -1 0
314 311 -1 0
313 311 -1 0
312 311 -1 0
311 311 -1 0
321 310 -1 0
320 310 -1 0
319 310 -1 0
318 310 -1 0
317 310 -1 0
316 310 -1 0
315 310 -1 0
314 310 -1 0
313 310 -1 0
312 310 -1 0
311 310 -1 0
321 309 -1 0
320 309 -1 0
319 309 -1 0
318 309 -1 0
317 309 -1 0
316 309 -1 0
315 309 -1 0
314 309 -1 0
313 309 -1 0
312 309 -1 0
311 309 -1 0
126 309 -1 0
322 308 -1 0
321 308 -1 0
320 308 -1 0
319 308 -1 0
318 308 -1 0
317 308 -1 0
316 308 -1 0
315 308 -1 0
314 308 -1 0
313 308 -1 0
312 308 -1 0
311 308 -1 0
129 308 -1 0
128 308 -1 0
127 308 -1 0
126 308 -1 0
125 308 -1 0
124 308 -1 0
123 308 -1 0
323 307 -1 0
322 307 -1 0
321 307 -1 0
320 307 -1 0
319 307 -1 0
318 307 -1 0
317 307 -1 0
316 307 -1 0
315 307 -1 0
314 307 -1 0
313 307 -1 0
312 307 -1 0
311 307 -1 0
130 307 -1 0
129 307 -1 0
128 307 -1 0
127 307 -1 0
126 307 -1 0
125 307 -1 0
124 307 -1 0
123 307 -1 0
122 307 -1 0
324 306 -1 0
323 306 -1 0
322 306 -1 0
321 306 -1 0
320 306 -1 0
319 306 -1 0
318 306 -1 0
317 306 -1 0
316 306 -1 0
315 306 -1 0
314 306 -1 0
313 306 -1 0
312 306 -1 0
311 306 -1 0
131 306 -1 0
130 306 -1 0
129 306 -1 0
128 306 -1 0
127 306 -1 0
126 306 -1 0
125 306 -1 0
124 306 -1 0
123 306 -1 0
122 306 -1 0
325 305 -1 0
324 305 -1 0
323 305 -1 0
322 305 -1 0
321 305 -1 0
320 305 -1 0
319 305 -1 0
318 305 -1 0
317 305 -1 0
316 305 -1 0
315 305 -1 0
314 305 -1 0
313 305 -1 0
312 305 -1 0
131 305 -1 0
130 305 -1 0
129 305 -1 0
128 305 -1 0
127 305 -1 0
126 305 -1 0
125 305 -1 0
124 305 -1 0
123 305 -1 0
122 305 -1 0
325 304 -1 0
324 304 -1 0
323 304 -1 0
322 304 -1 0
321 304 -1 0
320 304 -1 0
319 304 -1 0
318 304 -1 0
317 304 -1 0
316 304 -1 0
315 304 -1 0
314 304 -1 0
313 304 -1 0
312 304 -1 0
131 304 -1 0
130 304 -1 0
129 304 -1 0
128 304 -1 0
127 304 -1 0
126 304 -1 0
125 304 -1 0
124 304 -1 0
123 304 -1 0
122 304 -1 0
121 304 -1 0
327 303 -1 0
326 303 -1 0
325 303 -1 0
324 303 -1 0
323 303 -1 0
322 303 -1 0
321 303 -1 0
320 303 -1 0
319 303 -1 0
318 303 -1 0
317 303 -1 0
316 303 -1 0
315 303 -1 0
314 303 -1 0
313 303 -1 0
312 303 -1 0
132 303 -1 0
131 303 -1 0
130 303 -1 0
129 303 -1 0
128 303 -1 0
127 303 -1 0
126 303 -1 0
125 303 -1 0
124 303 -1 0
123 303 -1 0
122 303 -1 0
121 303 -1 0
328 302 -1 0
327 302 -1 0
326 302 -1 0
325 302 -1 0
324 302 -1 0
323 302 -1 0
322 302 -1 0
321 302 -1 0
320 302 -1 0
319 302 -1 0
318 302 -1 0
317 302 -1 0
316 302 -1 0
315 302 -1 0
314 302 -1 0
313 302 -1 0
132 302 -1 0
131 302 -1 0
130 302 -1 0
129 302 -1 0
128 302 -1 0
127 302 -1 0
126 302 -1 0
125 302 -1 0
124 302 -1 0
123 302 -1 0
122 302 -1 0
329 301 -1 0
328 301 -1 0
327 301 -1 0
326 301 -1 0
325 301 -1 0
324 301 -1 0
323 301 -1 0
322 301 -1 0
321 301 -1 0
320 301 -1 0
319 301 -1 0
318 301 -1 0
317 301 -1 0
316 301 -1 0
315 301 -1 0
314 301 -1 0
132 301 -1 0
131 301 -1 0
130 301 -1 0
129 301 -1 0
128 301 -1 0
127 301 -1 0
126 301 -1 0
125 301 -1 0
124 301 -1 0
123 301 -1 0
122 301 -1 0
331 300 -1 0
330 300 -1 0
329 300 -1 0
328 300 -1 0
327 300 -1 0
326 300 -1 0
325 300 -1 0
324 300 -1 0
323 300 -1 0
322 300 -1 0
321 300 -1 0
320 300 -1 0
319 300 -1 0
318 300 -1 0
317 300 -1 0
316 300 -1 0
315 300 -1 0
133 300 -1 0
132 300 -1 0
131 300 -1 0
130 300 -1 0
129 300 -1 0
128 300 -1 0
127 300 -1 0
126 300 -1 0
125 300 -1 0
124 300 -1 0
123 300 -1 0
122 300 -1 0
332 299 -1 0
331 299 -1 0
330 299 -1 0
329 299 -1 0
328 299 -1 0
327 299 -1 0
326 299 -1 0
325 299 -1 0
324 299 -1 0
323 299 -1 0
322 299 -1 0
321 299 -1 0
320 299 -1 0
319 299 -1 0
318 299 -1 0
317 299 -1 0
316 299 -1 0
134 299 -1 0
133 299 -1 0
132 299 -1 0
131 299 -1 0
130 299 -1 0
129 299 -1 0
128 299 -1 0
127 299 -1 0
126 299 -1 0
125 299 -1 0
124 299 -1 0
123 299 -1 0
332 298 -1 0
331 298 -1 0
330 298 -1 0
329 298 -1 0
328 298 -1 0
327 298 -1 0
326 298 -1 0
325 298 -1 0
324 298 -1 0
323 298 -1 0
322 298 -1 0
321 298 -1 0
320 298 -1 0
319 298 -1 0
318 298 -1 0
317 298 -1 0
134 298 -1 0
133 298 -1 0
132 298 -1 0
131 298 -1 0
130 298 -1 0
129 298 -1 0
128 298 -1 0
127 298 -1 0
126 298 -1 0
125 298 -1 0
124 298 -1 0
123 298 -1 0
332 297 -1 0
331 297 -1 0
330 297 -1 0
329 297 -1 0
328 297 -1 0
327 297 -1 0
326 297 -1 0
325 297 -1 0
324 297 -1 0
323 297 -1 0
322 297 -1 0
321 297 -1 0
320 297 -1 0
319 297 -1 0
318 297 -1 0
134 297 -1 0
133 297 -1 0
132 297 -1 0
131 297 -1 0
130 297 -1 0
129 297 -1 0
128 297 -1 0
127 297 -1 0
126 297 -1 0
125 297 -1 0
124 297 -1 0
123 297 -1 0
333 296 -1 0
332 296 -1 0
331 296 -1 0
330 296 -1 0
329 296 -1 0
328 296 -1 0
327 296 -1 0
326 296 -1 0
325 296 -1 0
324 296 -1 0
323 296 -1 0
322 296 -1 0
321 296 -1 0
320 296 -1 0
135 296 -1 0
134 296 -1 0
133 296 -1 0
132 296 -1 0
131 296 -1 0
130 296 -1 0
129 296 -1 0
128 296 -1 0
127 296 -1 0
126 296 -1 0
125 296 -1 0
124 296 -1 0
123 296 -1 0
334 295 -1 0
333 295 -1 0
332 295 -1 0
331 295 -1 0
330 295 -1 0
329 295 -1 0
328 295 -1 0
327 295 -1 0
326 295 -1 0
325 295 -1 0
324 295 -1 0
323 295 -1 0
322 295 -1 0
321 295 -1 0
134 295 -1 0
133 295 -1 0
132 295 -1 0
131 295 -1 0
130 295 -1 0
129 295 -1 0
128 295 -1 0
127 295 -1 0
126 295 -1 0
125 295 -1 0
124 295 -1 0
336 294 -1 0
335 294 -1 0
334 294 -1 0
333 294 -1 0
332 294 -1 0
331 294 -1 0
330 294 -1 0
329 294 -1 0
328 294 -1 0
327 294 -1 0
326 294 -1 0
325 294 -1 0
324 294 -1 0
323 294 -1 0
322 294 -1 0
135 294 -1 0
134 294 -1 0
133 294 -1 0
132 294 -1 0
131 294 -1 0
130 294 -1 0
129 294 -1 0
128 294 -1 0
127 294 -1 0
126 294 -1 0
125 294 -1 0
124 294 -1 0
337 293 -1 0
336 293 -1 0
335 293 -1 0
334 293 -1 0
333 293 -1 0
332 293 -1 0
331 293 -1 0
330 293 -1 0
329 293 -1 0
328 293 -1 0
327 293 -1 0
326 293 -1 0
325 293 -1 0
324 293 -1 0
136 293 -1 0
135 293 -1 0
134 293 -1 0
133 293 -1 0
132 293 -1 0
131 293 -1 0
130 293 -1 0
129 293 -1 0
128 293 -1 0
127 293 -1 0
126 293 -1 0
125 293 -1 0
124 293 -1 0
338 292 -1 0
337 292 -1 0
336 292 -1 0
335 292 -1 0
334 292 -1 0
333 292 -1 0
332 292 -1 0
331 292 -1 0
330 292 -1 0
329 292 -1 0
328 292 -1 0
327 292 -1 0
326 292 -1 0
325 292 -1 0
324 292 -1 0
136 292 -1 0
135 292 -1 0
134 292 -1 0
133 292 -1 0
132 292 -1 0
131 292 -1 0
130 292 -1 0
129 292 -1 0
128 292 -1 0
127 292 -1 0
126 292 -1 0
125 292 -1 0
338 291 -1 0
337 291 -1 0
336 291 -1 0
335 291 -1 0
334 291 -1 0
333 291 -1 0
332 291 -1 0
331 291 -1 0
330 291 -1 0
329 291 -1 0
328 291 -1 0
327 291 -1 0
326 291 -1 0
325 291 -1 0
136 291 -1 0
135 291 -1 0
134 291 -1 0
133 291 -1 0
132 291 -1 0
131 291 -1 0
130 291 -1 0
129 291 -1 0
128 291 -1 0
127 291 -1 0
126 291 -1 0
338 290 -1 0
337 290 -1 0
336 290 -1 0
335 290 -1 0
334 290 -1 0
333 290 -1 0
332 290 -1 0
331 290 -1 0
330 290 -1 0
329 290 -1 0
328 290 -1 0
327 290 -1 0
326 290 -1 0
137 290 -1 0
136 290 -1 0
135 290 -1 0
134 290 -1 0
133 290 -1 0
132 290 -1 0
131 290 -1 0
130 290 -1 0
129 290 -1 0
128 290 -1 0
127 290 -1 0
126 290 -1 0
339 289 -1 0
338 289 -1 0
337 289 -1 0
336 289 -1 0
335 289 -1 0
334 289 -1 0
333 289 -1 0
332 289 -1 0
331 289 -1 0
330 289 -1 0
329 289 -1 0
328 289 -1 0
327 289 -1 0
326 289 -1 0
136 289 -1 0
135 289 -1 0
134 289 -1 0
133 289 -1 0
132 289 -1 0
131 289 -1 0
130 289 -1 0
129 289 -1 0
128 289 -1 0
127 289 -1 0
339 288 -1 0
338 288 -1 0
337 288 -1 0
336 288 -1 0
335 288 -1 0
334 288 -1 0
333 288 -1 0
332 288 -1 0
331 288 -1 0
330 288 -1 0
329 288 -1 0
328 288 -1 0
327 288 -1 0
137 288 -1 0
136 288 -1 0
135 288 -1 0
134 288 -1 0
133 288 -1 0
132 288 -1 0
131 288 -1 0
130 288 -1 0
129 288 -1 0
128 288 -1 0
127 288 -1 0
340 287 -1 0
339 287 -1 0
338 287 -1 0
337 287 -1 0
336 287 -1 0
335 287 -1 0
334 287 -1 0
333 287 -1 0
332 287 -1 0
331 287 -1 0
330 287 -1 0
329 287 -1 0
136 287 -1 0
135 287 -1 0
134 287 -1 0
133 287 -1 0
132 287 -1 0
131 287 -1 0
130 287 -1 0
129 287 -1 0
128 287 -1 0
341 286 -1 0
340 286 -1 0
339 286 -1 0
338 286 -1 0
337 286 -1 0
336 286 -1 0
335 286 -1 0
334 286 -1 0
333 286 -1 0
332 286 -1 0
331 286 -1 0
330 286 -1 0
329 286 -1 0
137 286 -1 0
136 286 -1 0
135 286 -1 0
134 286 -1 0
133 286 -1 0
132 286 -1 0
131 286 -1 0
130 286 -1 0
129 286 -1 0
128 286 -1 0
343 285 -1 0
342 285 -1 0
341 285 -1 0
340 285 -1 0
339 285 -1 0
338 285 -1 0
337 285 -1 0
336 285 -1 0
335 285 -1 0
334 285 -1 0
333 285 -1 0
332 285 -1 0
331 285 -1 0
330 285 -1 0
137 285 -1 0
136 285 -1 0
135 285 -1 0
134 285 -1 0
133 285 -1 0
132 285 -1 0
131 285 -1 0
130 285 -1 0
129 285 -1 0
128 285 -1 0
127 285 -1 0
344 284 -1 0
343 284 -1 0
342 284 -1 0
341 284 -1 0
340 284 -1 0
339 284 -1 0
338 284 -1 0
337 284 -1 0
336 284 -1 0
335 284 -1 0
334 284 -1 0
333 284 -1 0
332 284 -1 0
331 284 -1 0
330 284 -1 0
137 284 -1 0
136 284 -1 0
135 284 -1 0
134 284 -1 0
133 284 -1 0
132 284 -1 0
131 284 -1 0
130 284 -1 0
129 284 -1 0
128 284 -1 0
344 283 -1 0
343 283 -1 0
342 283 -1 0
341 283 -1 0
340 283 -1 0
339 283 -1 0
338 283 -1 0
337 283 -1 0
336 283 -1 0
335 283 -1 0
334 283 -1 0
333 283 -1 0
332 283 -1 0
331 283 -1 0
138 283 -1 0
137 283 -1 0
136 283 -1 0
135 283 -1 0
134 283 -1 0
133 283 -1 0
132 283 -1 0
131 283 -1 0
130 283 -1 0
129 283 -1 0
128 283 -1 0
344 282 -1 0
343 282 -1 0
342 282 -1 0
341 282 -1 0
340 282 -1 0
339 282 -1 0
338 282 -1 0
337 282 -1 0
336 282 -1 0
335 282 -1 0
334 282 -1 0
333 282 -1 0
332 282 -1 0
138 282 -1 0
137 282 -1 0
136 282 -1 0
135 282 -1 0
134 282 -1 0
133 282 -1 0
132 282 -1 0
131 282 -1 0
130 282 -1 0
129 282 -1 0
128 282 -1 0
345 281 -1 0
344 281 -1 0
343 281 -1 0
342 281 -1 0
341 281 -1 0
340 281 -1 0
339 281 -1 0
338 281 -1 0
337 281 -1 0
336 281 -1 0
335 281 -1 0
334 281 -1 0
333 281 -1 0
137 281 -1 0
136 281 -1 0
135 281 -1 0
134 281 -1 0
133 281 -1 0
132 281 -1 0
131 281 -1 0
130 281 -1 0
129 281 -1 0
347 280 -1 0
346 280 -1 0
345 280 -1 0
344 280 -1 0
343 280 -1 0
342 280 -1 0
341 280 -1 0
340 280 -1 0
339 280 -1 0
338 280 -1 0
337 280 -1 0
336 280 -1 0
335 280 -1 0
334 280 -1 0
333 280 -1 0
137 280 -1 0
136 280 -1 0
135 280 -1 0
134 280 -1 0
133 280 -1 0
132 280 -1 0
131 280 -1 0
130 280 -1 0
129 280 -1 0
348 279 -1 0
347 279 -1 0
346 279 -1 0
345 279 -1 0
344 279 -1 0
343 279 -1 0
342 279 -1 0
341 279 -1 0
340 279 -1 0
339 279 -1 0
338 279 -1 0
337 279 -1 0
336 279 -1 0
335 279 -1 0
334 279 -1 0
333 279 -1 0
137 279 -1 0
136 279 -1 0
135 279 -1 0
134 279 -1 0
133 279 -1 0
132 279 -1 0
131 279 -1 0
130 279 -1 0
129 279 -1 0
349 278 -1 0
348 278 -1 0
347 278 -1 0
346 278 -1 0
345 278 -1 0
344 278 -1 0
343 278 -1 0
342 278 -1 0
341 278 -1 0
340 278 -1 0
339 278 -1 0
338 278 -1 0
337 278 -1 0
336 278 -1 0
335 278 -1 0
334 278 -1 0
138 278 -1 0
137 278 -1 0
136 278 -1 0
135 278 -1 0
134 278 -1 0
133 278 -1 0
132 278 -1 0
131 278 -1 0
130 278 -1 0
129 278 -1 0
128 278 -1 0
350 277 -1 0
349 277 -1 0
348 277 -1 0
347 277 -1 0
346 277 -1 0
345 277 -1 0
344 277 -1 0
343 277 -1 0
342 277 -1 0
341 277 -1 0
340 277 -1 0
339 277 -1 0
338 277 -1 0
337 277 -1 0
336 277 -1 0
335 277 -1 0
138 277 -1 0
137 277 -1 0
136 277 -1 0
135 277 -1 0
134 277 -1 0
133 277 -1 0
132 277 -1 0
131 277 -1 0
130 277 -1 0
129 277 -1 0
128 277 -1 0
351 276 -1 0
350 276 -1 0
349 276 -1 0
348 276 -1 0
347 276 -1 0
346 276 -1 0
345 276 -1 0
344 276 -1 0
343 276 -1 0
342 276 -1 0
341 276 -1 0
340 276 -1 0
339 276 -1 0
338 276 -1 0
337 276 -1 0
336 276 -1 0
137 276 -1 0
136 276 -1 0
135 276 -1 0
134 276 -1 0
133 276 -1 0
132 276 -1 0
131 276 -1 0
130 276 -1 0
129 276 -1 0
352 275 -1 0
351 275 -1 0
350 275 -1 0
349 275 -1 0
348 275 -1 0
347 275 -1 0
346 275 -1 0
345 275 -1 0
344 275 -1 0
343 275 -1 0
342 275 -1 0
341 275 -1 0
340 275 -1 0
339 275 -1 0
338 275 -1 0
337 275 -1 0
336 275 -1 0
138 275 -1 0
137 275 -1 0
136 275 -1 0
135 275 -1 0
134 275 -1 0
133 275 -1 0
132 275 -1 0
131 275 -1 0
130 275 -1 0
129 275 -1 0
128 275 -1 0
352 274 -1 0
351 274 -1 0
350 274 -1 0
349 274 -1 0
348 274 -1 0
347 274 -1 0
346 274 -1 0
345 274 -1 0
344 274 -1 0
343 274 -1 0
342 274 -1 0
341 274 -1 0
340 274 -1 0
339 274 -1 0
338 274 -1 0
337 274 -1 0
138 274 -1 0
137 274 -1 0
136 274 -1 0
135 274 -1 0
134 274 -1 0
133 274 -1 0
132 274 -1 0
131 274 -1 0
130 274 -1 0
129 274 -1 0
128 274 -1 0
353 273 -1 0
352 273 -1 0
351 273 -1 0
350 273 -1 0
349 273 -1 0
348 273 -1 0
347 273 -1 0
346 273 -1 0
345 273 -1 0
344 273 -1 0
343 273 -1 0
342 273 -1 0
341 273 -1 0
340 273 -1 0
339 273 -1 0
338 273 -1 0
138 273 -1 0
137 273 -1 0
136 273 -1 0
135 273 -1 0
134 273 -1 0
133 273 -1 0
132 273 -1 0
131 273 -1 0
130 273 -1 0
129 273 -1 0
128 273 -1 0
353 272 -1 0
352 272 -1 0
351 272 -1 0
350 272 -1 0
349 272 -1 0
348 272 -1 0
347 272 -1 0
346 272 -1 0
345 272 -1 0
344 272 -1 0
343 272 -1 0
342 272 -1 0
341 272 -1 0
340 272 -1 0
339 272 -1 0
138 272 -1 0
137 272 -1 0
136 272 -1 0
135 272 -1 0
134 272 -1 0
133 272 -1 0
132 272 -1 0
131 272 -1 0
130 272 -1 0
129 272 -1 0
128 272 -1 0
353 271 -1 0
352 271 -1 0
351 271 -1 0
350 271 -1 0
349 271 -1 0
348 271 -1 0
347 271 -1 0
346 271 -1 0
345 271 -1 0
344 271 -1 0
343 271 -1 0
342 271 -1 0
341 271 -1 0
138 271 -1 0
137 271 -1 0
136 271 -1 0
135 271 -1 0
134 271 -1 0
133 271 -1 0
132 271 -1 0
131 271 -1 0
130 271 -1 0
129 271 -1 0
128 271 -1 0
354 270 -1 0
353 270 -1 0
352 270 -1 0
351 270 -1 0
350 270 -1 0
349 270 -1 0
348 270 -1 0
347 270 -1 0
346 270 -1 0
345 270 -1 0
344 270 -1 0
343 270 -1 0
342 270 -1 0
138 270 -1 0
137 270 -1 0
136 270 -1 0
135 270 -1 0
134 270 -1 0
133 270 -1 0
132 270 -1 0
131 270 -1 0
130 270 -1 0
129 270 -1 0
128 270 -1 0
354 269 -1 0
353 269 -1 0
352 269 -1 0
351 269 -1 0
350 269 -1 0
349 269 -1 0
348 269 -1 0
347 269 -1 0
346 269 -1 0
345 269 -1 0
344 269 -1 0
343 269 -1 0
138 269 -1 0
137 269 -1 0
136 269 -1 0
135 269 -1 0
134 269 -1 0
133 269 -1 0
132 269 -1 0
131 269 -1 0
130 269 -1 0
129 269 -1 0
128 269 -1 0
354 268 -1 0
353 268 -1 0
352 268 -1 0
351 268 -1 0
350 268 -1 0
349 268 -1 0
348 268 -1 0
347 268 -1 0
346 268 -1 0
345 268 -1 0
344 268 -1 0
138 268 -1 0
137 268 -1 0
136 268 -1 0
135 268 -1 0
134 268 -1 0
133 268 -1 0
132 268 -1 0
131 268 -1 0
130 268 -1 0
129 268 -1 0
128 268 -1 0
127 268 -1 0
354 267 -1 0
353 267 -1 0
352 267 -1 0
351 267 -1 0
350 267 -1 0
349 267 -1 0
348 267 -1 0
347 267 -1 0
346 267 -1 0
345 267 -1 0
344 267 -1 0
138 267 -1 0
137 267 -1 0
136 267 -1 0
135 267 -1 0
134 267 -1 0
133 267 -1 0
132 267 -1 0
131 267 -1 0
130 267 -1 0
129 267 -1 0
128 267 -1 0
127 267 -1 0
126 267 -1 0
355 266 -1 0
354 266 -1 0
353 266 -1 0
352 266 -1 0
351 266 -1 0
350 266 -1 0
349 266 -1 0
348 266 -1 0
347 266 -1 0
346 266 -1 0
345 266 -1 0
344 266 -1 0
137 266 -1 0
136 266 -1 0
135 266 -1 0
134 266 -1 0
133 266 -1 0
132 266 -1 0
131 266 -1 0
130 266 -1 0
129 266 -1 0
128 266 -1 0
127 266 -1 0
126 266 -1 0
125 266 -1 0
124 266 -1 0
355 265 -1 0
354 265 -1 0
353 265 -1 0
352 265 -1 0
351 265 -1 0
350 265 -1 0
349 265 -1 0
348 265 -1 0
347 265 -1 0
346 265 -1 0
345 265 -1 0
137 265 -1 0
136 265 -1 0
135 265 -1 0
134 265 -1 0
133 265 -1 0
132 265 -1 0
131 265 -1 0
130 265 -1 0
129 265 -1 0
128 265 -1 0
127 265 -1 0
126 265 -1 0
125 265 -1 0
124 265 -1 0
123 265 -1 0
355 264 -1 0
354 264 -1 0
353 264 -1 0
352 264 -1 0
351 264 -1 0
350 264 -1 0
349 264 -1 0
348 264 -1 0
347 264 -1 0
346 264 -1 0
345 264 -1 0
137 264 -1 0
136 264 -1 0
135 264 -1 0
134 264 -1 0
133 264 -1 0
132 264 -1 0
131 264 -1 0
130 264 -1 0
129 264 -1 0
128 264 -1 0
127 264 -1 0
126 264 -1 0
125 264 -1 0
124 264 -1 0
123 264 -1 0
122 264 -1 0
121 264 -1 0
356 263 -1 0
355 263 -1 0
354 263 -1 0
353 263 -1 0
352 263 -1 0
351 263 -1 0
350 263 -1 0
349 263 -1 0
348 263 -1 0
347 263 -1 0
346 263 -1 0
345 263 -1 0
136 263 -1 0
135 263 -1 0
134 263 -1 0
133 263 -1 0
132 263 -1 0
131 263 -1 0
130 263 -1 0
129 263 -1 0
128 263 -1 0
127 263 -1 0
126 263 -1 0
125 263 -1 0
124 263 -1 0
123 263 -1 0
122 263 -1 0
121 263 -1 0
120 263 -1 0
356 262 -1 0
355 262 -1 0
354 262 -1 0
353 262 -1 0
352 262 -1 0
351 262 -1 0
350 262 -1 0
349 262 -1 0
348 262 -1 0
347 262 -1 0
346 262 -1 0
136 262 -1 0
135 262 -1 0
134 262 -1 0
133 262 -1 0
132 262 -1 0
131 262 -1 0
130 262 -1 0
129 262 -1 0
128 262 -1 0
127 262 -1 0
126 262 -1 0
125 262 -1 0
124 262 -1 0
123 262 -1 0
122 262 -1 0
121 262 -1 0
120 262 -1 0
119 262 -1 0
356 261 -1 0
355 261 -1 0
354 261 -1 0
353 261 -1 0
352 261 -1 0
351 261 -1 0
350 261 -1 0
349 261 -1 0
348 261 -1 0
347 261 -1 0
346 261 -1 0
135 261 -1 0
134 261 -1 0
133 261 -1 0
132 261 -1 0
131 261 -1 0
130 261 -1 0
129 261 -1 0
128 261 -1 0
127 261 -1 0
126 261 -1 0
125 261 -1 0
124 261 -1 0
123 261 -1 0
122 261 -1 0
121 261 -1 0
120 261 -1 0
119 261 -1 0
118 261 -1 0
356 260 -1 0
355 260 -1 0
354 260 -1 0
353 260 -1 0
352 260 -1 0
351 260 -1 0
350 260 -1 0
349 260 -1 0
348 260 -1 0
347 260 -1 0
346 260 -1 0
134 260 -1 0
133 260 -1 0
132 260 -1 0
131 260 -1 0
130 260 -1 0
129 260 -1 0
128 260 -1 0
127 260 -1 0
126 260 -1 0
125 260 -1 0
124 260 -1 0
123 260 -1 0
122 260 -1 0
121 260 -1 0
120 260 -1 0
119 260 -1 0
118 260 -1 0
117 260 -1 0
116 260 -1 0
356 259 -1 0
355 259 -1 0
354 259 -1 0
353 259 -1 0
352 259 -1 0
351 259 -1 0
350 259 -1 0
349 259 -1 0
348 259 -1 0
347 259 -1 0
346 259 -1 0
133 259 -1 0
132 259 -1 0
131 259 -1 0
130 259 -1 0
129 259 -1 0
128 259 -1 0
127 259 -1 0
126 259 -1 0
125 259 -1 0
124 259 -1 0
123 259 -1 0
122 259 -1 0
121 259 -1 0
120 259 -1 0
119 259 -1 0
118 259 -1 0
117 259 -1 0
116 259 -1 0
115 259 -1 0
114 259 -1 0
356 258 -1 0
355 258 -1 0
354 258 -1 0
353 258 -1 0
352 258 -1 0
351 258 -1 0
350 258 -1 0
349 258 -1 0
348 258 -1 0
347 258 -1 0
346 258 -1 0
132 258 -1 0
131 258 -1 0
130 258 -1 0
129 258 -1 0
128 258 -1 0
127 258 -1 0
126 258 -1 0
125 258 -1 0
124 258 -1 0
123 258 -1 0
122 258 -1 0
121 258 -1 0
120 258 -1 0
119 258 -1 0
118 258 -1 0
117 258 -1 0
116 258 -1 0
115 258 -1 0
114 258 -1 0
113 258 -1 0
356 257 -1 0
355 257 -1 0
354 257 -1 0
353 257 -1 0
352 257 -1 0
351 257 -1 0
350 257 -1 0
349 257 -1 0
348 257 -1 0
347 257 -1 0
346 257 -1 0
130 257 -1 0
129 257 -1 0
128 257 -1 0
127 257 -1 0
126 257 -1 0
125 257 -1 0
124 257 -1 0
123 257 -1 0
122 257 -1 0
121 257 -1 0
120 257 -1 0
119 257 -1 0
118 257 -1 0
117 257 -1 0
116 257 -1 0
115 257 -1 0
114 257 -1 0
113 257 -1 0
112 257 -1 0
111 257 -1 0
110 257 -1 0
356 256 -1 0
355 256 -1 0
354 256 -1 0
353 256 -1 0
352 256 -1 0
351 256 -1 0
350 256 -1 0
349 256 -1 0
348 256 -1 0
347 256 -1 0
346 256 -1 0
129 256 -1 0
128 256 -1 0
127 256 -1 0
126 256 -1 0
125 256 -1 0
124 256 -1 0
123 256 -1 0
122 256 -1 0
121 256 -1 0
120 256 -1 0
119 256 -1 0
118 256 -1 0
117 256 -1 0
116 256 -1 0
115 256 -1 0
114 256 -1 0
113 256 -1 0
112 256 -1 0
111 256 -1 0
110 256 -1 0
109 256 -1 0
108 256 -1 0
356 255 -1 0
355 255 -1 0
354 255 -1 0
353 255 -1 0
352 255 -1 0
351 255 -1 0
350 255 -1 0
349 255 -1 0
348 255 -1 0
347 255 -1 0
346 255 -1 0
128 255 -1 0
127 255 -1 0
126 255 -1 0
125 255 -1 0
124 255 -1 0
123 255 -1 0
122 255 -1 0
121 255 -1 0
120 255 -1 0
119 255 -1 0
118 255 -1 0
117 255 -1 0
116 255 -1 0
115 255 -1 0
114 255 -1 0
113 255 -1 0
112 255 -1 0
111 255 -1 0
110 255 -1 0
109 255 -1 0
108 255 -1 0
107 255 -1 0
106 255 -1 0
105 255 -1 0
356 254 -1 0
355 254 -1 0
354 254 -1 0
353 254 -1 0
352 254 -1 0
351 254 -1 0
350 254 -1 0
349 254 -1 0
348 254 -1 0
347 254 -1 0
346 254 -1 0
127 254 -1 0
126 254 -1 0
125 254 -1 0
124 254 -1 0
123 254 -1 0
122 254 -1 0
121 254 -1 0
120 254 -1 0
119 254 -1 0
118 254 -1 0
117 254 -1 0
116 254 -1 0
115 254 -1 0
114 254 -1 0
113 254 -1 0
112 254 -1 0
111 254 -1 0
110 254 -1 0
109 254 -1 0
108 254 -1 0
107 254 -1 0
106 254 -1 0
105 254 -1 0
104 254 -1 0
356 253 -1 0
355 253 -1 0
354 253 -1 0
353 253 -1 0
352 253 -1 0
351 253 -1 0
350 253 -1 0
349 253 -1 0
348 253 -1 0
347 253 -1 0
346 253 -1 0
125 253 -1 0
124 253 -1 0
123 253 -1 0
122 253 -1 0
121 253 -1 0
120 253 -1 0
119 253 -1 0
118 253 -1 0
117 253 -1 0
116 253 -1 0
115 253 -1 0
114 253 -1 0
113 253 -1 0
112 253 -1 0
111 253 -1 0
110 253 -1 0
109 253 -1 0
108 253 -1 0
107 253 -1 0
106 253 -1 0
105 253 -1 0
104 253 -1 0
356 252 -1 0
355 252 -1 0
354 252 -1 0
353 252 -1 0
352 252 -1 0
351 252 -1 0
350 252 -1 0
349 252 -1 0
348 252 -1 0
347 252 -1 0
346 252 -1 0
345 252 -1 0
124 252 -1 0
123 252 -1 0
122 252 -1 0
121 252 -1 0
120 252 -1 0
119 252 -1 0
118 252 -1 0
117 252 -1 0
116 252 -1 0
115 252 -1 0
114 252 -1 0
113 252 -1 0
112 252 -1 0
111 252 -1 0
110 252 -1 0
109 252 -1 0
108 252 -1 0
107 252 -1 0
106 252 -1 0
105 252 -1 0
104 252 -1 0
103 252 -1 0
356 251 -1 0
355 251 -1 0
354 251 -1 0
353 251 -1 0
352 251 -1 0
351 251 -1 0
350 251 -1 0
349 251 -1 0
348 251 -1 0
347 251 -1 0
346 251 -1 0
345 251 -1 0
122 251 -1 0
121 251 -1 0
120 251 -1 0
119 251 -1 0
118 251 -1 0
117 251 -1 0
116 251 -1 0
115 251 -1 0
114 251 -1 0
113 251 -1 0
112 251 -1 0
111 251 -1 0
110 251 -1 0
109 251 -1 0
108 251 -1 0
107 251 -1 0
106 251 -1 0
105 251 -1 0
104 251 -1 0
103 251 -1 0
356 250 -1 0
355 250 -1 0
354 250 -1 0
353 250 -1 0
352 250 -1 0
351 250 -1 0
350 250 -1 0
349 250 -1 0
348 250 -1 0
347 250 -1 0
346 250 -1 0
345 250 -1 0
120 250 -1 0
119 250 -1 0
118 250 -1 0
117 250 -1 0
116 250 -1 0
115 250 -1 0
114 250 -1 0
113 250 -1 0
112 250 -1 0
111 250 -1 0
110 250 -1 0
109 250 -1 0
108 250 -1 0
107 250 -1 0
106 250 -1 0
105 250 -1 0
104 250 -1 0
103 250 -1 0
356 249 -1 0
355 249 -1 0
354 249 -1 0
353 249 -1 0
352 249 -1 0
351 249 -1 0
350 249 -1 0
349 249 -1 0
348 249 -1 0
347 249 -1 0
346 249 -1 0
345 249 -1 0
344 249 -1 0
119 249 -1 0
118 249 -1 0
117 249 -1 0
116 249 -1 0
115 249 -1 0
114 249 -1 0
113 249 -1 0
112 249 -1 0
111 249 -1 0
110 249 -1 0
109 249 -1 0
108 249 -1 0
107 249 -1 0
106 249 -1 0
105 249 -1 0
104 249 -1 0
103 249 -1 0
102 249 -1 0
355 248 -1 0
354 248 -1 0
353 248 -1 0
352 248 -1 0
351 248 -1 0
350 248 -1 0
349 248 -1 0
348 248 -1 0
347 248 -1 0
346 248 -1 0
345 248 -1 0
344 248 -1 0
116 248 -1 0
115 248 -1 0
114 248 -1 0
113 248 -1 0
112 248 -1 0
111 248 -1 0
110 248 -1 0
109 248 -1 0
108 248 -1 0
107 248 -1 0
106 248 -1 0
105 248 -1 0
104 248 -1 0
103 248 -1 0
102 248 -1 0
355 247 -1 0
354 247 -1 0
353 247 -1 0
352 247 -1 0
351 247 -1 0
350 247 -1 0
349 247 -1 0
348 247 -1 0
347 247 -1 0
346 247 -1 0
345 247 -1 0
344 247 -1 0
114 247 -1 0
113 247 -1 0
112 247 -1 0
111 247 -1 0
110 247 -1 0
109 247 -1 0
108 247 -1 0
107 247 -1 0
106 247 -1 0
105 247 -1 0
104 247 -1 0
103 247 -1 0
102 247 -1 0
355 246 -1 0
354 246 -1 0
353 246 -1 0
352 246 -1 0
351 246 -1 0
350 246 -1 0
349 246 -1 0
348 246 -1 0
347 246 -1 0
346 246 -1 0
345 246 -1 0
112 246 -1 0
111 246 -1 0
110 246 -1 0
109 246 -1 0
108 246 -1 0
107 246 -1 0
106 246 -1 0
105 246 -1 0
104 246 -1 0
103 246 -1 0
102 246 -1 0
354 245 -1 0
353 245 -1 0
352 245 -1 0
351 245 -1 0
350 245 -1 0
349 245 -1 0
348 245 -1 0
347 245 -1 0
346 245 -1 0
345 245 -1 0
112 245 -1 0
111 245 -1 0
110 245 -1 0
109 245 -1 0
108 245 -1 0
107 245 -1 0
106 245 -1 0
105 245 -1 0
104 245 -1 0
103 245 -1 0
102 245 -1 0
353 244 -1 0
352 244 -1 0
351 244 -1 0
350 244 -1 0
349 244 -1 0
348 244 -1 0
347 244 -1 0
346 244 -1 0
345 244 -1 0
112 244 -1 0
111 244 -1 0
110 244 -1 0
109 244 -1 0
108 244 -1 0
107 244 -1 0
106 244 -1 0
105 244 -1 0
104 244 -1 0
103 244 -1 0
102 244 -1 0
101 244 -1 0
352 243 -1 0
351 243 -1 0
350 243 -1 0
349 243 -1 0
348 243 -1 0
347 243 -1 0
346 243 -1 0
111 243 -1 0
110 243 -1 0
109 243 -1 0
108 243 -1 0
107 243 -1 0
106 243 -1 0
105 243 -1 0
104 243 -1 0
103 243 -1 0
102 243 -1 0
101 243 -1 0
349 242 -1 0
111 242 -1 0
110 242 -1 0
109 242 -1 0
108 242 -1 0
107 242 -1 0
106 242 -1 0
105 242 -1 0
104 242 -1 0
103 242 -1 0
102 242 -1 0
101 242 -1 0
111 241 -1 0
110 241 -1 0
109 241 -1 0
108 241 -1 0
107 241 -1 0
106 241 -1 0
105 241 -1 0
104 241 -1 0
103 241 -1 0
102 241 -1 0
101 241 -1 0
111 240 -1 0
110 240 -1 0
109 240 -1 0
108 240 -1 0
107 240 -1 0
106 240 -1 0
105 240 -1 0
104 240 -1 0
103 240 -1 0
102 240 -1 0
101 240 -1 0
112 239 -1 0
111 239 -1 0
110 239 -1 0
109 239 -1 0
108 239 -1 0
107 239 -1 0
106 239 -1 0
105 239 -1 0
104 239 -1 0
103 239 -1 0
102 239 -1 0
101 239 -1 0
111 238 -1 0
110 238 -1 0
109 238 -1 0
108 238 -1 0
107 238 -1 0
106 238 -1 0
105 238 -1 0
104 238 -1 0
103 238 -1 0
102 238 -1 0
111 237 -1 0
110 237 -1 0
109 237 -1 0
108 237 -1 0
107 237 -1 0
106 237 -1 0
105 237 -1 0
104 237 -1 0
103 237 -1 0
102 237 -1 0
111 236 -1 0
110 236 -1 0
109 236 -1 0
108 236 -1 0
107 236 -1 0
106 236 -1 0
105 236 -1 0
104 236 -1 0
103 236 -1 0
102 236 -1 0
110 235 -1 0
109 235 -1 0
108 235 -1 0
107 235 -1 0
106 235 -1 0
105 235 -1 0
104 235 -1 0
103 235 -1 0
237 234 -1 0
107 234 -1 0
106 234 -1 0
240 233 -1 0
239 233 -1 0
238 233 -1 0
237 233 -1 0
236 233 -1 0
235 233 -1 0
234 233 -1 0
241 232 -1 0
240 232 -1 0
239 232 -1 0
238 232 -1 0
237 232 -1 0
236 232 -1 0
235 232 -1 0
234 232 -1 0
233 232 -1 0
241 231 -1 0
240 231 -1 0
239 231 -1 0
238 231 -1 0
237 231 -1 0
236 231 -1 0
235 231 -1 0
234 231 -1 0
233 231 -1 0
241 230 -1 0
240 230 -1 0
239 230 -1 0
238 230 -1 0
237 230 -1 0
236 230 -1 0
235 230 -1 0
234 230 -1 0
233 230 -1 0
242 229 -1 0
241 229 -1 0
240 229 -1 0
239 229 -1 0
238 229 -1 0
237 229 -1 0
236 229 -1 0
235 229 -1 0
234 229 -1 0
233 229 -1 0
232 229 -1 0
242 228 -1 0
241 228 -1 0
240 228 -1 0
239 228 -1 0
238 228 -1 0
237 228 -1 0
236 228 -1 0
235 228 -1 0
234 228 -1 0
233 228 -1 0
232 228 -1 0
242 227 -1 0
241 227 -1 0
240 227 -1 0
239 227 -1 0
238 227 -1 0
237 227 -1 0
236 227 -1 0
235 227 -1 0
234 227 -1 0
233 227 -1 0
232 227 -1 0
243 226 -1 0
242 226 -1 0
241 226 -1 0
240 226 -1 0
239 226 -1 0
238 226 -1 0
237 226 -1 0
236 226 -1 0
235 226 -1 0
234 226 -1 0
233 226 -1 0
232 226 -1 0
243 225 -1 0
242 225 -1 0
241 225 -1 0
240 225 -1 0
239 225 -1 0
238 225 -1 0
237 225 -1 0
236 225 -1 0
235 225 -1 0
234 225 -1 0
233 225 -1 0
243 224 -1 0
242 224 -1 0
241 224 -1 0
240 224 -1 0
239 224 -1 0
238 224 -1 0
237 224 -1 0
236 224 -1 0
235 224 -1 0
234 224 -1 0
233 224 -1 0
243 223 -1 0
242 223 -1 0
241 223 -1 0
240 223 -1 0
239 223 -1 0
238 223 -1 0
237 223 -1 0
236 223 -1 0
235 223 -1 0
234 223 -1 0
233 223 -1 0
243 222 -1 0
242 222 -1 0
241 222 -1 0
240 222 -1 0
239 222 -1 0
238 222 -1 0
237 222 -1 0
236 222 -1 0
235 222 -1 0
234 222 -1 0
233 222 -1 0
244 221 -1 0
243 221 -1 0
242 221 -1 0
241 221 -1 0
240 221 -1 0
239 221 -1 0
238 221 -1 0
237 221 -1 0
236 221 -1 0
235 221 -1 0
234 221 -1 0
233 221 -1 0
244 220 -1 0
243 220 -1 0
242 220 -1 0
241 220 -1 0
240 220 -1 0
239 220 -1 0
238 220 -1 0
237 220 -1 0
236 220 -1 0
235 220 -1 0
234 220 -1 0
244 219 -1 0
243 219 -1 0
242 219 -1 0
241 219 -1 0
240 219 -1 0
239 219 -1 0
238 219 -1 0
237 219 -1 0
236 219 -1 0
235 219 -1 0
234 219 -1 0
244 218 -1 0
243 218 -1 0
242 218 -1 0
241 218 -1 0
240 218 -1 0
239 218 -1 0
238 218 -1 0
237 218 -1 0
236 218 -1 0
235 218 -1 0
234 218 -1 0
244 217 -1 0
243 217 -1 0
242 217 -1 0
241 217 -1 0
240 217 -1 0
239 217 -1 0
238 217 -1 0
237 217 -1 0
236 217 -1 0
235 217 -1 0
234 217 -1 0
244 216 -1 0
243 216 -1 0
242 216 -1 0
241 216 -1 0
240 216 -1 0
239 216 -1 0
238 216 -1 0
237 216 -1 0
236 216 -1 0
235 216 -1 0
234 216 -1 0
244 215 -1 0
243 215 -1 0
242 215 -1 0
241 215 -1 0
240 215 -1 0
239 215 -1 0
238 215 -1 0
237 215 -1 0
236 215 -1 0
235 215 -1 0
234 215 -1 0
204 215 -1 1
244 214 -1 0
243 214 -1 0
242 214 -1 0
241 214 -1 0
240 214 -1 0
239 214 -1 0
238 214 -1 0
237 214 -1 0
236 214 -1 0
235 214 -1 0
234 214 -1 0
207 214 -1 1
206 214 -1 1
205 214 -1 1
204 214 -1 1
203 214 -1 1
202 214 -1 1
201 214 -1 1
244 213 -1 0
243 213 -1 0
242 213 -1 0
241 213 -1 0
240 213 -1 0
239 213 -1 0
238 213 -1 0
237 213 -1 0
236 213 -1 0
235 213 -1 0
234 213 -1 0
210 213 -1 1
209 213 -1 1
208 213 -1 1
207 213 -1 1
206 213 -1 1
205 213 -1 1
204 213 -1 1
203 213 -1 1
202 213 -1 1
201 213 -1 1
200 213 -1 1
244 212 -1 0
243 212 -1 0
242 212 -1 0
241 212 -1 0
240 212 -1 0
239 212 -1 0
238 212 -1 0
237 212 -1 0
236 212 -1 0
235 212 -1 0
234 212 -1 0
211 212 -1 1
210 212 -1 1
209 212 -1 1
208 212 -1 1
207 212 -1 1
206 212 -1 1
205 212 -1 1
204 212 -1 1
203 212 -1 1
202 212 -1 1
201 212 -1 1
200 212 -1 1
244 211 -1 0
243 211 -1 0
242 211 -1 0
241 211 -1 0
240 211 -1 0
239 211 -1 0
238 211 -1 0
237 211 -1 0
236 211 -1 0
235 211 -1 0
234 211 -1 0
211 211 -1 1
210 211 -1 1
209 211 -1 1
208 211 -1 1
207 211 -1 1
206 211 -1 1
205 211 -1 1
204 211 -1 1
203 211 -1 1
202 211 -1 1
201 211 -1 1
200 211 -1 1
244 210 -1 0
243 210 -1 0
242 210 -1 0
241 210 -1 0
240 210 -1 0
239 210 -1 0
238 210 -1 0
237 210 -1 0
236 210 -1 0
235 210 -1 0
234 210 -1 0
211 210 -1 1
210 210 -1 1
209 210 -1 1
208 210 -1 1
207 210 -1 1
206 210 -1 1
205 210 -1 1
204 210 -1 1
203 210 -1 1
202 210 -1 1
201 210 -1 1
200 210 -1 1
199 210 -1 1
174 210 -1 1
244 209 -1 0
243 209 -1 0
242 209 -1 0
241 209 -1 0
240 209 -1 0
239 209 -1 0
238 209 -1 0
237 209 -1 0
236 209 -1 0
235 209 -1 0
234 209 -1 0
212 209 -1 1
211 209 -1 1
210 209 -1 1
209 209 -1 1
208 209 -1 1
207 209 -1 1
206 209 -1 1
205 209 -1 1
204 209 -1 1
203 209 -1 1
202 209 -1 1
201 209 -1 1
200 209 -1 1
177 209 -1 1
176 209 -1 1
175 209 -1 1
174 209 -1 1
173 209 -1 1
172 209 -1 1
171 209 -1 1
244 208 -1 0
243 208 -1 0
242 208 -1 0
241 208 -1 0
240 208 -1 0
239 208 -1 0
238 208 -1 0
237 208 -1 0
236 208 -1 0
235 208 -1 0
234 208 -1 0
233 208 -1 0
211 208 -1 1
210 208 -1 1
209 208 -1 1
208 208 -1 1
207 208 -1 1
206 208 -1 1
205 208 -1 1
204 208 -1 1
203 208 -1 1
202 208 -1 1
201 208 -1 1
200 208 -1 1
178 208 -1 1
177 208 -1 1
176 208 -1 1
175 208 -1 1
174 208 -1 1
173 208 -1 1
172 208 -1 1
171 208 -1 1
170 208 -1 1
243 207 -1 0
242 207 -1 0
241 207 -1 0
240 207 -1 0
239 207 -1 0
238 207 -1 0
237 207 -1 0
236 207 -1 0
235 207 -1 0
234 207 -1 0
233 207 -1 0
211 207 -1 1
210 207 -1 1
209 207 -1 1
208 207 -1 1
207 207 -1 1
206 207 -1 1
205 207 -1 1
204 207 -1 1
203 207 -1 1
202 207 -1 1
201 207 -1 1
200 207 -1 1
178 207 -1 1
177 207 -1 1
176 207 -1 1
175 207 -1 1
174 207 -1 1
173 207 -1 1
172 207 -1 1
171 207 -1 1
170 207 -1 1
243 206 -1 0
242 206 -1 0
241 206 -1 0
240 206 -1 0
239 206 -1 0
238 206 -1 0
237 206 -1 0
236 206 -1 0
235 206 -1 0
234 206 -1 0
211 206 -1 1
210 206 -1 1
209 206 -1 1
208 206 -1 1
207 206 -1 1
206 206 -1 1
205 206 -1 1
204 206 -1 1
203 206 -1 1
202 206 -1 1
201 206 -1 1
178 206 -1 1
177 206 -1 1
176 206 -1 1
175 206 -1 1
174 206 -1 1
173 206 -1 1
172 206 -1 1
171 206 -1 1
170 206 -1 1
243 205 -1 0
242 205 -1 0
241 205 -1 0
240 205 -1 0
239 205 -1 0
238 205 -1 0
237 205 -1 0
236 205 -1 0
235 205 -1 0
234 205 -1 0
233 205 -1 0
210 205 -1 1
209 205 -1 1
208 205 -1 1
207 205 -1 1
206 205 -1 1
205 205 -1 1
204 205 -1 1
179 205 -1 1
178 205 -1 1
177 205 -1 1
176 205 -1 1
175 205 -1 1
174 205 -1 1
173 205 -1 1
172 205 -1 1
171 205 -1 1
170 205 -1 1
169 205 -1 1
244 204 -1 0
243 204 -1 0
242 204 -1 0
241 204 -1 0
240 204 -1 0
239 204 -1 0
238 204 -1 0
237 204 -1 0
236 204 -1 0
235 204 -1 0
234 204 -1 0
233 204 -1 0
207 204 -1 1
178 204 -1 1
177 204 -1 1
176 204 -1 1
175 204 -1 1
174 204 -1 1
173 204 -1 1
172 204 -1 1
171 204 -1 1
170 204 -1 1
244 203 -1 0
243 203 -1 0
242 203 -1 0
241 203 -1 0
240 203 -1 0
239 203 -1 0
238 203 -1 0
237 203 -1 0
236 203 -1 0
235 203 -1 0
234 203 -1 0
178 203 -1 1
177 203 -1 1
176 203 -1 1
175 203 -1 1
174 203 -1 1
173 203 -1 1
172 203 -1 1
171 203 -1 1
170 203 -1 1
244 202 -1 0
243 202 -1 0
242 202 -1 0
241 202 -1 0
240 202 -1 0
239 202 -1 0
238 202 -1 0
237 202 -1 0
236 202 -1 0
235 202 -1 0
234 202 -1 0
178 202 -1 1
177 202 -1 1
176 202 -1 1
175 202 -1 1
174 202 -1 1
173 202 -1 1
172 202 -1 1
171 202 -1 1
170 202 -1 1
245 201 -1 0
244 201 -1 0
243 201 -1 0
242 201 -1 0
241 201 -1 0
240 201 -1 0
239 201 -1 0
238 201 -1 0
237 201 -1 0
236 201 -1 0
235 201 -1 0
234 201 -1 0
177 201 -1 1
176 201 -1 1
175 201 -1 1
174 201 -1 1
173 201 -1 1
172 201 -1 1
171 201 -1 1
245 200 -1 0
244 200 -1 0
243 200 -1 0
242 200 -1 0
241 200 -1 0
240 200 -1 0
239 200 -1 0
238 200 -1 0
237 200 -1 0
236 200 -1 0
235 200 -1 0
174 200 -1 1
245 199 -1 0
244 199 -1 0
243 199 -1 0
242 199 -1 0
241 199 -1 0
240 199 -1 0
239 199 -1 0
238 199 -1 0
237 199 -1 0
236 199 -1 0
235 199 -1 0
245 198 -1 0
244 198 -1 0
243 198 -1 0
242 198 -1 0
241 198 -1 0
240 198 -1 0
239 198 -1 0
238 198 -1 0
237 198 -1 0
236 198 -1 0
235 198 -1 0
245 197 -1 0
244 197 -1 0
243 197 -1 0
242 197 -1 0
241 197 -1 0
240 197 -1 0
239 197 -1 0
238 197 -1 0
237 197 -1 0
236 197 -1 0
235 197 -1 0
245 196 -1 0
244 196 -1 0
243 196 -1 0
242 196 -1 0
241 196 -1 0
240 196 -1 0
239 196 -1 0
238 196 -1 0
237 196 -1 0
236 196 -1 0
235 196 -1 0
245 195 -1 0
244 195 -1 0
243 195 -1 0
242 195 -1 0
241 195 -1 0
240 195 -1 0
239 195 -1 0
238 195 -1 0
237 195 -1 0
236 195 -1 0
235 195 -1 0
245 194 -1 0
244 194 -1 0
243 194 -1 0
242 194 -1 0
241 194 -1 0
240 194 -1 0
239 194 -1 0
238 194 -1 0
237 194 -1 0
236 194 -1 0
235 194 -1 0
245 193 -1 0
244 193 -1 0
243 193 -1 0
242 193 -1 0
241 193 -1 0
240 193 -1 0
239 193 -1 0
238 193 -1 0
237 193 -1 0
236 193 -1 0
235 193 -1 0
245 192 -1 0
244 192 -1 0
243 192 -1 0
242 192 -1 0
241 192 -1 0
240 192 -1 0
239 192 -1 0
238 192 -1 0
237 192 -1 0
236 192 -1 0
235 192 -1 0
245 191 -1 0
244 191 -1 0
243 191 -1 0
242 191 -1 0
241 191 -1 0
240 191 -1 0
239 191 -1 0
238 191 -1 0
237 191 -1 0
236 191 -1 0
235 191 -1 0
245 190 -1 0
244 190 -1 0
243 190 -1 0
242 190 -1 0
241 190 -1 0
240 190 -1 0
239 190 -1 0
238 190 -1 0
237 190 -1 0
236 190 -1 0
235 190 -1 0
245 189 -1 0
244 189 -1 0
243 189 -1 0
242 189 -1 0
241 189 -1 0
240 189 -1 0
239 189 -1 0
238 189 -1 0
237 189 -1 0
236 189 -1 0
235 189 -1 0
245 188 -1 0
244 188 -1 0
243 188 -1 0
242 188 -1 0
241 188 -1 0
240 188 -1 0
239 188 -1 0
238 188 -1 0
237 188 -1 0
236 188 -1 0
235 188 -1 0
181 188 -1 1
149 188 -1 1
245 187 -1 0
244 187 -1 0
243 187 -1 0
242 187 -1 0
241 187 -1 0
240 187 -1 0
239 187 -1 0
238 187 -1 0
237 187 -1 0
236 187 -1 0
235 187 -1 0
234 187 -1 0
184 187 -1 1
183 187 -1 1
182 187 -1 1
181 187 -1 1
180 187 -1 1
179 187 -1 1
178 187 -1 1
152 187 -1 1
151 187 -1 1
150 187 -1 1
149 187 -1 1
148 187 -1 1
147 187 -1 1
146 187 -1 1
245 186 -1 0
244 186 -1 0
243 186 -1 0
242 186 -1 0
241 186 -1 0
240 186 -1 0
239 186 -1 0
238 186 -1 0
237 186 -1 0
236 186 -1 0
235 186 -1 0
234 186 -1 0
233 186 -1 0
185 186 -1 1
184 186 -1 1
183 186 -1 1
182 186 -1 1
181 186 -1 1
180 186 -1 1
179 186 -1 1
178 186 -1 1
177 186 -1 1
153 186 -1 1
152 186 -1 1
151 186 -1 1
150 186 -1 1
149 186 -1 1
148 186 -1 1
147 186 -1 1
146 186 -1 1
145 186 -1 1
244 185 -1 0
243 185 -1 0
242 185 -1 0
241 185 -1 0
240 185 -1 0
239 185 -1 0
238 185 -1 0
237 185 -1 0
236 185 -1 0
235 185 -1 0
234 185 -1 0
233 185 -1 0
185 185 -1 1
184 185 -1 1
183 185 -1 1
182 185 -1 1
181 185 -1 1
180 185 -1 1
179 185 -1 1
178 185 -1 1
177 185 -1 1
153 185 -1 1
152 185 -1 1
151 185 -1 1
150 185 -1 1
149 185 -1 1
148 185 -1 1
147 185 -1 1
146 185 -1 1
145 185 -1 1
244 184 -1 0
243 184 -1 0
242 184 -1 0
241 184 -1 0
240 184 -1 0
239 184 -1 0
238 184 -1 0
237 184 -1 0
236 184 -1 0
235 184 -1 0
234 184 -1 0
233 184 -1 0
232 184 -1 0
185 184 -1 1
184 184 -1 1
183 184 -1 1
182 184 -1 1
181 184 -1 1
180 184 -1 1
179 184 -1 1
178 184 -1 1
177 184 -1 1
153 184 -1 1
152 184 -1 1
151 184 -1 1
150 184 -1 1
149 184 -1 1
148 184 -1 1
147 184 -1 1
146 184 -1 1
145 184 -1 1
244 183 -1 0
243 183 -1 0
242 183 -1 0
241 183 -1 0
240 183 -1 0
239 183 -1 0
238 183 -1 0
237 183 -1 0
236 183 -1 0
235 183 -1 0
234 183 -1 0
233 183 -1 0
232 183 -1 0
231 183 -1 0
186 183 -1 1
185 183 -1 1
184 183 -1 1
183 183 -1 1
182 183 -1 1
181 183 -1 1
180 183 -1 1
179 183 -1 1
178 183 -1 1
177 183 -1 1
176 183 -1 1
154 183 -1 1
153 183 -1 1
152 183 -1 1
151 183 -1 1
150 183 -1 1
149 183 -1 1
148 183 -1 1
147 183 -1 1
146 183 -1 1
145 183 -1 1
144 183 -1 1
243 182 -1 0
242 182 -1 0
241 182 -1 0
240 182 -1 0
239 182 -1 0
238 182 -1 0
237 182 -1 0
236 182 -1 0
235 182 -1 0
234 182 -1 0
233 182 -1 0
232 182 -1 0
231 182 -1 0
185 182 -1 1
184 182 -1 1
183 182 -1 1
182 182 -1 1
181 182 -1 1
180 182 -1 1
179 182 -1 1
178 182 -1 1
177 182 -1 1
153 182 -1 1
152 182 -1 1
151 182 -1 1
150 182 -1 1
149 182 -1 1
148 182 -1 1
147 182 -1 1
146 182 -1 1
145 182 -1 1
243 181 -1 0
242 181 -1 0
241 181 -1 0
240 181 -1 0
239 181 -1 0
238 181 -1 0
237 181 -1 0
236 181 -1 0
235 181 -1 0
234 181 -1 0
233 181 -1 0
232 181 -1 0
231 181 -1 0
185 181 -1 1
184 181 -1 1
183 181 -1 1
182 181 -1 1
181 181 -1 1
180 181 -1 1
179 181 -1 1
178 181 -1 1
177 181 -1 1
153 181 -1 1
152 181 -1 1
151 181 -1 1
150 181 -1 1
149 181 -1 1
148 181 -1 1
147 181 -1 1
146 181 -1 1
145 181 -1 1
242 180 -1 0
241 180 -1 0
240 180 -1 0
239 180 -1 0
238 180 -1 0
237 180 -1 0
236 180 -1 0
235 180 -1 0
234 180 -1 0
233 180 -1 0
232 180 -1 0
231 180 -1 0
230 180 -1 0
185 180 -1 1
184 180 -1 1
183 180 -1 1
182 180 -1 1
181 180 -1 1
180 180 -1 1
179 180 -1 1
178 180 -1 1
177 180 -1 1
153 180 -1 1
152 180 -1 1
151 180 -1 1
150 180 -1 1
149 180 -1 1
148 180 -1 1
147 180 -1 1
146 180 -1 1
145 180 -1 1
241 179 -1 0
240 179 -1 0
239 179 -1 0
238 179 -1 0
237 179 -1 0
236 179 -1 0
235 179 -1 0
234 179 -1 0
233 179 -1 0
232 179 -1 0
231 179 -1 0
230 179 -1 0
184 179 -1 1
183 179 -1 1
182 179 -1 1
181 179 -1 1
180 179 -1 1
179 179 -1 1
178 179 -1 1
152 179 -1 1
151 179 -1 1
150 179 -1 1
149 179 -1 1
148 179 -1 1
147 179 -1 1
146 179 -1 1
241 178 -1 0
240 178 -1 0
239 178 -1 0
238 178 -1 0
237 178 -1 0
236 178 -1 0
235 178 -1 0
234 178 -1 0
233 178 -1 0
232 178 -1 0
231 178 -1 0
230 178 -1 0
229 178 -1 0
181 178 -1 1
149 178 -1 1
240 177 -1 0
239 177 -1 0
238 177 -1 0
237 177 -1 0
236 177 -1 0
235 177 -1 0
234 177 -1 0
233 177 -1 0
232 177 -1 0
231 177 -1 0
230 177 -1 0
229 177 -1 0
228 177 -1 0
239 176 -1 0
238 176 -1 0
237 176 -1 0
236 176 -1 0
235 176 -1 0
234 176 -1 0
233 176 -1 0
232 176 -1 0
231 176 -1 0
230 176 -1 0
229 176 -1 0
228 176 -1 0
227 176 -1 0
239 175 -1 0
238 175 -1 0
237 175 -1 0
236 175 -1 0
235 175 -1 0
234 175 -1 0
233 175 -1 0
232 175 -1 0
231 175 -1 0
230 175 -1 0
229 175 -1 0
228 175 -1 0
227 175 -1 0
226 175 -1 0
239 174 -1 0
238 174 -1 0
237 174 -1 0
236 174 -1 0
235 174 -1 0
234 174 -1 0
233 174 -1 0
232 174 -1 0
231 174 -1 0
230 174 -1 0
229 174 -1 0
228 174 -1 0
227 174 -1 0
226 174 -1 0
225 174 -1 0
238 173 -1 0
237 173 -1 0
236 173 -1 0
235 173 -1 0
234 173 -1 0
233 173 -1 0
232 173 -1 0
231 173 -1 0
230 173 -1 0
229 173 -1 0
228 173 -1 0
227 173 -1 0
226 173 -1 0
225 173 -1 0
238 172 -1 0
237 172 -1 0
236 172 -1 0
235 172 -1 0
234 172 -1 0
233 172 -1 0
232 172 -1 0
231 172 -1 0
230 172 -1 0
229 172 -1 0
228 172 -1 0
227 172 -1 0
226 172 -1 0
225 172 -1 0
224 172 -1 0
237 171 -1 0
236 171 -1 0
235 171 -1 0
234 171 -1 0
233 171 -1 0
232 171 -1 0
231 171 -1 0
230 171 -1 0
229 171 -1 0
228 171 -1 0
227 171 -1 0
226 171 -1 0
225 171 -1 0
224 171 -1 0
223 171 -1 0
236 170 -1 0
235 170 -1 0
234 170 -1 0
233 170 -1 0
232 170 -1 0
231 170 -1 0
230 170 -1 0
229 170 -1 0
228 170 -1 0
227 170 -1 0
226 170 -1 0
225 170 -1 0
224 170 -1 0
223 170 -1 0
235 169 -1 0
234 169 -1 0
233 169 -1 0
232 169 -1 0
231 169 -1 0
230 169 -1 0
229 169 -1 0
228 169 -1 0
227 169 -1 0
226 169 -1 0
225 169 -1 0
224 169 -1 0
223 169 -1 0
222 169 -1 0
235 168 -1 0
234 168 -1 0
233 168 -1 0
232 168 -1 0
231 168 -1 0
230 168 -1 0
229 168 -1 0
228 168 -1 0
227 168 -1 0
226 168 -1 0
225 168 -1 0
224 168 -1 0
223 168 -1 0
222 168 -1 0
221 168 -1 0
234 167 -1 0
233 167 -1 0
232 167 -1 0
231 167 -1 0
230 167 -1 0
229 167 -1 0
228 167 -1 0
227 167 -1 0
226 167 -1 0
225 167 -1 0
224 167 -1 0
223 167 -1 0
222 167 -1 0
221 167 -1 0
220 167 -1 0
233 166 -1 0
232 166 -1 0
231 166 -1 0
230 166 -1 0
229 166 -1 0
228 166 -1 0
227 166 -1 0
226 166 -1 0
225 166 -1 0
224 166 -1 0
223 166 -1 0
222 166 -1 0
221 166 -1 0
220 166 -1 0
219 166 -1 0
218 166 -1 0
232 165 -1 0
231 165 -1 0
230 165 -1 0
229 165 -1 0
228 165 -1 0
227 165 -1 0
226 165 -1 0
225 165 -1 0
224 165 -1 0
223 165 -1 0
222 165 -1 0
221 165 -1 0
220 165 -1 0
219 165 -1 0
218 165 -1 0
217 165 -1 0
216 165 -1 0
231 164 -1 0
230 164 -1 0
229 164 -1 0
228 164 -1 0
227 164 -1 0
226 164 -1 0
225 164 -1 0
224 164 -1 0
223 164 -1 0
222 164 -1 0
221 164 -1 0
220 164 -1 0
219 164 -1 0
218 164 -1 0
217 164 -1 0
216 164 -1 0
215 164 -1 0
214 164 -1 0
230 163 -1 0
229 163 -1 0
228 163 -1 0
227 163 -1 0
226 163 -1 0
225 163 -1 0
224 163 -1 0
223 163 -1 0
222 163 -1 0
221 163 -1 0
220 163 -1 0
219 163 -1 0
218 163 -1 0
217 163 -1 0
216 163 -1 0
215 163 -1 0
214 163 -1 0
213 163 -1 0
229 162 -1 0
228 162 -1 0
227 162 -1 0
226 162 -1 0
225 162 -1 0
224 162 -1 0
223 162 -1 0
222 162 -1 0
221 162 -1 0
220 162 -1 0
219 162 -1 0
218 162 -1 0
217 162 -1 0
216 162 -1 0
215 162 -1 0
214 162 -1 0
213 162 -1 0
212 162 -1 0
211 162 -1 0
229 161 -1 0
228 161 -1 0
227 161 -1 0
226 161 -1 0
225 161 -1 0
224 161 -1 0
223 161 -1 0
222 161 -1 0
221 161 -1 0
220 161 -1 0
219 161 -1 0
218 161 -1 0
217 161 -1 0
216 161 -1 0
215 161 -1 0
214 161 -1 0
213 161 -1 0
212 161 -1 0
211 161 -1 0
210 161 -1 0
228 160 -1 0
227 160 -1 0
226 160 -1 0
225 160 -1 0
224 160 -1 0
223 160 -1 0
222 160 -1 0
221 160 -1 0
220 160 -1 0
219 160 -1 0
218 160 -1 0
217 160 -1 0
216 160 -1 0
215 160 -1 0
214 160 -1 0
213 160 -1 0
212 160 -1 0
211 160 -1 0
210 160 -1 0
209 160 -1 0
227 159 -1 0
226 159 -1 0
225 159 -1 0
224 159 -1 0
223 159 -1 0
222 159 -1 0
221 159 -1 0
220 159 -1 0
219 159 -1 0
218 159 -1 0
217 159 -1 0
216 159 -1 0
215 159 -1 0
214 159 -1 0
213 159 -1 0
212 159 -1 0
211 159 -1 0
210 159 -1 0
209 159 -1 0
226 158 -1 0
225 158 -1 0
224 158 -1 0
223 158 -1 0
222 158 -1 0
221 158 -1 0
220 158 -1 0
219 158 -1 0
218 158 -1 0
217 158 -1 0
216 158 -1 0
215 158 -1 0
214 158 -1 0
213 158 -1 0
212 158 -1 0
211 158 -1 0
210 158 -1 0
209 158 -1 0
224 157 -1 0
223 157 -1 0
222 157 -1 0
221 157 -1 0
220 157 -1 0
219 157 -1 0
218 157 -1 0
217 157 -1 0
216 157 -1 0
215 157 -1 0
214 157 -1 0
213 157 -1 0
212 157 -1 0
211 157 -1 0
210 157 -1 0
209 157 -1 0
208 157 -1 0
222 156 -1 0
221 156 -1 0
220 156 -1 0
219 156 -1 0
218 156 -1 0
217 156 -1 0
216 156 -1 0
215 156 -1 0
214 156 -1 0
213 156 -1 0
212 156 -1 0
211 156 -1 0
210 156 -1 0
209 156 -1 0
220 155 -1 0
219 155 -1 0
218 155 -1 0
217 155 -1 0
216 155 -1 0
215 155 -1 0
214 155 -1 0
213 155 -1 0
212 155 -1 0
211 155 -1 0
210 155 -1 0
209 155 -1 0
219 154 -1 0
218 154 -1 0
217 154 -1 0
216 154 -1 0
215 154 -1 0
214 154 -1 0
213 154 -1 0
212 154 -1 0
211 154 -1 0
210 154 -1 0
209 154 -1 0
217 153 -1 0
216 153 -1 0
215 153 -1 0
214 153 -1 0
213 153 -1 0
212 153 -1 0
211 153 -1 0
210 153 -1 0
214 152 -1 0
213 152 -1 0
309 111 -1 0
312 110 -1 0
311 110 -1 0
310 110 -1 0
309 110 -1 0
308 110 -1 0
307 110 -1 0
306 110 -1 0
313 109 -1 0
312 109 -1 0
311 109 -1 0
310 109 -1 0
309 109 -1 0
308 109 -1 0
307 109 -1 0
306 109 -1 0
305 109 -1 0
304 109 -1 0
313 108 -1 0
312 108 -1 0
311 108 -1 0
310 108 -1 0
309 108 -1 0
308 108 -1 0
307 108 -1 0
306 108 -1 0
305 108 -1 0
304 108 -1 0
303 108 -1 0
302 108 -1 0
313 107 -1 0
312 107 -1 0
311 107 -1 0
310 107 -1 0
309 107 -1 0
308 107 -1 0
307 107 -1 0
306 107 -1 0
305 107 -1 0
304 107 -1 0
303 107 -1 0
302 107 -1 0
301 107 -1 0
300 107 -1 0
314 106 -1 0
313 106 -1 0
312 106 -1 0
311 106 -1 0
310 106 -1 0
309 106 -1 0
308 106 -1 0
307 106 -1 0
306 106 -1 0
305 106 -1 0
304 106 -1 0
303 106 -1 0
302 106 -1 0
301 106 -1 0
300 106 -1 0
299 106 -1 0
314 105 -1 0
313 105 -1 0
312 105 -1 0
311 105 -1 0
310 105 -1 0
309 105 -1 0
308 105 -1 0
307 105 -1 0
306 105 -1 0
305 105 -1 0
304 105 -1 0
303 105 -1 0
302 105 -1 0
301 105 -1 0
300 105 -1 0
299 105 -1 0
298 105 -1 0
313 104 -1 0
312 104 -1 0
311 104 -1 0
310 104 -1 0
309 104 -1 0
308 104 -1 0
307 104 -1 0
306 104 -1 0
305 104 -1 0
304 104 -1 0
303 104 -1 0
302 104 -1 0
301 104 -1 0
300 104 -1 0
299 104 -1 0
298 104 -1 0
297 104 -1 0
313 103 -1 0
312 103 -1 0
311 103 -1 0
310 103 -1 0
309 103 -1 0
308 103 -1 0
307 103 -1 0
306 103 -1 0
305 103 -1 0
304 103 -1 0
303 103 -1 0
302 103 -1 0
301 103 -1 0
300 103 -1 0
299 103 -1 0
298 103 -1 0
297 103 -1 0
296 103 -1 0
313 102 -1 0
312 102 -1 0
311 102 -1 0
310 102 -1 0
309 102 -1 0
308 102 -1 0
307 102 -1 0
306 102 -1 0
305 102 -1 0
304 102 -1 0
303 102 -1 0
302 102 -1 0
301 102 -1 0
300 102 -1 0
299 102 -1 0
298 102 -1 0
297 102 -1 0
296 102 -1 0
295 102 -1 0
312 101 -1 0
311 101 -1 0
310 101 -1 0
309 101 -1 0
308 101 -1 0
307 101 -1 0
306 101 -1 0
305 101 -1 0
304 101 -1 0
303 101 -1 0
302 101 -1 0
301 101 -1 0
300 101 -1 0
299 101 -1 0
298 101 -1 0
297 101 -1 0
296 101 -1 0
295 101 -1 0
294 101 -1 0
310 100 -1 0
309 100 -1 0
308 100 -1 0
307 100 -1 0
306 100 -1 0
305 100 -1 0
304 100 -1 0
303 100 -1 0
302 100 -1 0
301 100 -1 0
300 100 -1 0
299 100 -1 0
298 100 -1 0
297 100 -1 0
296 100 -1 0
295 100 -1 0
294 100 -1 0
293 100 -1 0
308 99 -1 0
307 99 -1 0
306 99 -1 0
305 99 -1 0
304 99 -1 0
303 99 -1 0
302 99 -1 0
301 99 -1 0
300 99 -1 0
299 99 -1 0
298 99 -1 0
297 99 -1 0
296 99 -1 0
295 99 -1 0
294 99 -1 0
293 99 -1 0
306 98 -1 0
305 98 -1 0
304 98 -1 0
303 98 -1 0
302 98 -1 0
301 98 -1 0
300 98 -1 0
299 98 -1 0
298 98 -1 0
297 98 -1 0
296 98 -1 0
295 98 -1 0
294 98 -1 0
293 98 -1 0
305 97 -1 0
304 97 -1 0
303 97 -1 0
302 97 -1 0
301 97 -1 0
300 97 -1 0
299 97 -1 0
298 97 -1 0
297 97 -1 0
296 97 -1 0
295 97 -1 0
294 97 -1 0
293 97 -1 0
292 97 -1 0
304 96 -1 0
303 96 -1 0
302 96 -1 0
301 96 -1 0
300 96 -1 0
299 96 -1 0
298 96 -1 0
297 96 -1 0
296 96 -1 0
295 96 -1 0
294 96 -1 0
293 96 -1 0
292 96 -1 0
303 95 -1 0
302 95 -1 0
301 95 -1 0
300 95 -1 0
299 95 -1 0
298 95 -1 0
297 95 -1 0
296 95 -1 0
295 95 -1 0
294 95 -1 0
293 95 -1 0
292 95 -1 0
302 94 -1 0
301 94 -1 0
300 94 -1 0
299 94 -1 0
298 94 -1 0
297 94 -1 0
296 94 -1 0
295 94 -1 0
294 94 -1 0
293 94 -1 0
292 94 -1 0
291 94 -1 0
301 93 -1 0
300 93 -1 0
299 93 -1 0
298 93 -1 0
297 93 -1 0
296 93 -1 0
295 93 -1 0
294 93 -1 0
293 93 -1 0
292 93 -1 0
301 92 -1 0
300 92 -1 0
299 92 -1 0
298 92 -1 0
297 92 -1 0
296 92 -1 0
295 92 -1 0
294 92 -1 0
293 92 -1 0
292 92 -1 0
291 92 -1 0
301 91 -1 0
300 91 -1 0
299 91 -1 0
298 91 -1 0
297 91 -1 0
296 91 -1 0
295 91 -1 0
294 91 -1 0
293 91 -1 0
292 91 -1 0
291 91 -1 0
301 90 -1 0
300 90 -1 0
299 90 -1 0
298 90 -1 0
297 90 -1 0
296 90 -1 0
295 90 -1 0
294 90 -1 0
293 90 -1 0
292 90 -1 0
291 90 -1 0
290 90 -1 0
301 89 -1 0
300 89 -1 0
299 89 -1 0
298 89 -1 0
297 89 -1 0
296 89 -1 0
295 89 -1 0
294 89 -1 0
293 89 -1 0
292 89 -1 0
291 89 -1 0
290 89 -1 0
300 88 -1 0
299 88 -1 0
298 88 -1 0
297 88 -1 0
296 88 -1 0
295 88 -1 0
294 88 -1 0
293 88 -1 0
292 88 -1 0
291 88 -1 0
290 88 -1 0
300 87 -1 0
299 87 -1 0
298 87 -1 0
297 87 -1 0
296 87 -1 0
295 87 -1 0
294 87 -1 0
293 87 -1 0
292 87 -1 0
291 87 -1 0
290 87 -1 0
289 87 -1 0
300 86 -1 0
299 86 -1 0
298 86 -1 0
297 86 -1 0
296 86 -1 0
295 86 -1 0
294 86 -1 0
293 86 -1 0
292 86 -1 0
291 86 -1 0
290 86 -1 0
289 86 -1 0
299 85 -1 0
298 85 -1 0
297 85 -1 0
296 85 -1 0
295 85 -1 0
294 85 -1 0
293 85 -1 0
292 85 -1 0
291 85 -1 0
290 85 -1 0
289 85 -1 0
288 85 -1 0
299 84 -1 0
298 84 -1 0
297 84 -1 0
296 84 -1 0
295 84 -1 0
294 84 -1 0
293 84 -1 0
292 84 -1 0
291 84 -1 0
290 84 -1 0
289 84 -1 0
288 84 -1 0
298 83 -1 0
297 83 -1 0
296 83 -1 0
295 83 -1 0
294 83 -1 0
293 83 -1 0
292 83 -1 0
291 83 -1 0
290 83 -1 0
289 83 -1 0
288 83 -1 0
298 82 -1 0
297 82 -1 0
296 82 -1 0
295 82 -1 0
294 82 -1 0
293 82 -1 0
292 82 -1 0
291 82 -1 0
290 82 -1 0
289 82 -1 0
288 82 -1 0
287 82 -1 0
298 81 -1 0
297 81 -1 0
296 81 -1 0
295 81 -1 0
294 81 -1 0
293 81 -1 0
292 81 -1 0
291 81 -1 0
290 81 -1 0
289 81 -1 0
288 81 -1 0
287 81 -1 0
297 80 -1 0
296 80 -1 0
295 80 -1 0
294 80 -1 0
293 80 -1 0
292 80 -1 0
291 80 -1 0
290 80 -1 0
289 80 -1 0
288 80 -1 0
287 80 -1 0
297 79 -1 0
296 79 -1 0
295 79 -1 0
294 79 -1 0
293 79 -1 0
292 79 -1 0
291 79 -1 0
290 79 -1 0
289 79 -1 0
288 79 -1 0
287 79 -1 0
286 79 -1 0
296 78 -1 0
295 78 -1 0
294 78 -1 0
293 78 -1 0
292 78 -1 0
291 78 -1 0
290 78 -1 0
289 78 -1 0
288 78 -1 0
287 78 -1 0
296 77 -1 0
295 77 -1 0
294 77 -1 0
293 77 -1 0
292 77 -1 0
291 77 -1 0
290 77 -1 0
289 77 -1 0
288 77 -1 0
287 77 -1 0
286 77 -1 0
296 76 -1 0
295 76 -1 0
294 76 -1 0
293 76 -1 0
292 76 -1 0
291 76 -1 0
290 76 -1 0
289 76 -1 0
288 76 -1 0
287 76 -1 0
286 76 -1 0
296 75 -1 0
295 75 -1 0
294 75 -1 0
293 75 -1 0
292 75 -1 0
291 75 -1 0
290 75 -1 0
289 75 -1 0
288 75 -1 0
287 75 -1 0
286 75 -1 0
295 74 -1 0
294 74 -1 0
293 74 -1 0
292 74 -1 0
291 74 -1 0
290 74 -1 0
289 74 -1 0
288 74 -1 0
287 74 -1 0
286 74 -1 0
285 74 -1 0
295 73 -1 0
294 73 -1 0
293 73 -1 0
292 73 -1 0
291 73 -1 0
290 73 -1 0
289 73 -1 0
288 73 -1 0
287 73 -1 0
286 73 -1 0
285 73 -1 0
295 72 -1 0
294 72 -1 0
293 72 -1 0
292 72 -1 0
291 72 -1 0
290 72 -1 0
289 72 -1 0
288 72 -1 0
287 72 -1 0
286 72 -1 0
285 72 -1 0
295 71 -1 0
294 71 -1 0
293 71 -1 0
292 71 -1 0
291 71 -1 0
290 71 -1 0
289 71 -1 0
288 71 -1 0
287 71 -1 0
286 71 -1 0
285 71 -1 0
295 70 -1 0
294 70 -1 0
293 70 -1 0
292 70 -1 0
291 70 -1 0
290 70 -1 0
289 70 -1 0
288 70 -1 0
287 70 -1 0
286 70 -1 0
285 70 -1 0
294 69 -1 0
293 69 -1 0
292 69 -1 0
291 69 -1 0
290 69 -1 0
289 69 -1 0
288 69 -1 0
287 69 -1 0
286 69 -1 0
295 68 -1 0
294 68 -1 0
293 68 -1 0
292 68 -1 0
291 68 -1 0
290 68 -1 0
289 68 -1 0
288 68 -1 0
287 68 -1 0
286 68 -1 0
285 68 -1 0
295 67 -1 0
294 67 -1 0
293 67 -1 0
292 67 -1 0
291 67 -1 0
290 67 -1 0
289 67 -1 0
288 67 -1 0
287 67 -1 0
286 67 -1 0
285 67 -1 0
295 66 -1 0
294 66 -1 0
293 66 -1 0
292 66 -1 0
291 66 -1 0
290 66 -1 0
289 66 -1 0
288 66 -1 0
287 66 -1 0
286 66 -1 0
285 66 -1 0
295 65 -1 0
294 65 -1 0
293 65 -1 0
292 65 -1 0
291 65 -1 0
290 65 -1 0
289 65 -1 0
288 65 -1 0
287 65 -1 0
286 65 -1 0
285 65 -1 0
295 64 -1 0
294 64 -1 0
293 64 -1 0
292 64 -1 0
291 64 -1 0
290 64 -1 0
289 64 -1 0
288 64 -1 0
287 64 -1 0
286 64 -1 0
285 64 -1 0
294 63 -1 0
293 63 -1 0
292 63 -1 0
291 63 -1 0
290 63 -1 0
289 63 -1 0
288 63 -1 0
287 63 -1 0
286 63 -1 0
285 63 -1 0
284 63 -1 0
294 62 -1 0
293 62 -1 0
292 62 -1 0
291 62 -1 0
290 62 -1 0
289 62 -1 0
288 62 -1 0
287 62 -1 0
286 62 -1 0
285 62 -1 0
284 62 -1 0
294 61 -1 0
293 61 -1 0
292 61 -1 0
291 61 -1 0
290 61 -1 0
289 61 -1 0
288 61 -1 0
287 61 -1 0
286 61 -1 0
285 61 -1 0
284 61 -1 0
294 60 -1 0
293 60 -1 0
292 60 -1 0
291 60 -1 0
290 60 -1 0
289 60 -1 0
288 60 -1 0
287 60 -1 0
286 60 -1 0
285 60 -1 0
284 60 -1 0
283 60 -1 0
293 59 -1 0
292 59 -1 0
291 59 -1 0
290 59 -1 0
289 59 -1 0
288 59 -1 0
287 59 -1 0
286 59 -1 0
285 59 -1 0
284 59 -1 0
283 59 -1 0
293 58 -1 0
292 58 -1 0
291 58 -1 0
290 58 -1 0
289 58 -1 0
288 58 -1 0
287 58 -1 0
286 58 -1 0
285 58 -1 0
284 58 -1 0
283 58 -1 0
282 58 -1 0
293 57 -1 0
292 57 -1 0
291 57 -1 0
290 57 -1 0
289 57 -1 0
288 57 -1 0
287 57 -1 0
286 57 -1 0
285 57 -1 0
284 57 -1 0
283 57 -1 0
282 57 -1 0
281 57 -1 0
292 56 -1 0
291 56 -1 0
290 56 -1 0
289 56 -1 0
288 56 -1 0
287 56 -1 0
286 56 -1 0
285 56 -1 0
284 56 -1 0
283 56 -1 0
282 56 -1 0
281 56 -1 0
280 56 -1 0
292 55 -1 0
291 55 -1 0
290 55 -1 0
289 55 -1 0
288 55 -1 0
287 55 -1 0
286 55 -1 0
285 55 -1 0
284 55 -1 0
283 55 -1 0
282 55 -1 0
281 55 -1 0
280 55 -1 0
292 54 -1 0
291 54 -1 0
290 54 -1 0
289 54 -1 0
288 54 -1 0
287 54 -1 0
286 54 -1 0
285 54 -1 0
284 54 -1 0
283 54 -1 0
282 54 -1 0
281 54 -1 0
280 54 -1 0
291 53 -1 0
290 53 -1 0
289 53 -1 0
288 53 -1 0
287 53 -1 0
286 53 -1 0
285 53 -1 0
284 53 -1 0
283 53 -1 0
282 53 -1 0
281 53 -1 0
280 53 -1 0
279 53 -1 0
291 52 -1 0
290 52 -1 0
289 52 -1 0
288 52 -1 0
287 52 -1 0
286 52 -1 0
285 52 -1 0
284 52 -1 0
283 52 -1 0
282 52 -1 0
281 52 -1 0
280 52 -1 0
279 52 -1 0
290 51 -1 0
289 51 -1 0
288 51 -1 0
287 51 -1 0
286 51 -1 0
285 51 -1 0
284 51 -1 0
283 51 -1 0
282 51 -1 0
281 51 -1 0
280 51 -1 0
279 51 -1 0
289 50 -1 0
288 50 -1 0
287 50 -1 0
286 50 -1 0
285 50 -1 0
284 50 -1 0
283 50 -1 0
282 50 -1 0
281 50 -1 0
280 50 -1 0
279 50 -1 0
289 49 -1 0
288 49 -1 0
287 49 -1 0
286 49 -1 0
285 49 -1 0
284 49 -1 0
283 49 -1 0
282 49 -1 0
281 49 -1 0
280 49 -1 0
279 49 -1 0
289 48 -1 0
288 48 -1 0
287 48 -1 0
286 48 -1 0
285 48 -1 0
284 48 -1 0
283 48 -1 0
282 48 -1 0
281 48 -1 0
280 48 -1 0
279 48 -1 0
289 47 -1 0
288 47 -1 0
287 47 -1 0
286 47 -1 0
285 47 -1 0
284 47 -1 0
283 47 -1 0
282 47 -1 0
281 47 -1 0
280 47 -1 0
279 47 -1 0
289 46 -1 0
288 46 -1 0
287 46 -1 0
286 46 -1 0
285 46 -1 0
284 46 -1 0
283 46 -1 0
282 46 -1 0
281 46 -1 0
280 46 -1 0
279 46 -1 0
289 45 -1 0
288 45 -1 0
287 45 -1 0
286 45 -1 0
285 45 -1 0
284 45 -1 0
283 45 -1 0
282 45 -1 0
281 45 -1 0
280 45 -1 0
279 45 -1 0
289 44 -1 0
288 44 -1 0
287 44 -1 0
286 44 -1 0
285 44 -1 0
284 44 -1 0
283 44 -1 0
282 44 -1 0
281 44 -1 0
280 44 -1 0
279 44 -1 0
289 43 -1 0
288 43 -1 0
287 43 -1 0
286 43 -1 0
285 43 -1 0
284 43 -1 0
283 43 -1 0
282 43 -1 0
281 43 -1 0
280 43 -1 0
279 43 -1 0
290 42 -1 0
289 42 -1 0
288 42 -1 0
287 42 -1 0
286 42 -1 0
285 42 -1 0
284 42 -1 0
283 42 -1 0
282 42 -1 0
281 42 -1 0
280 42 -1 0
279 42 -1 0
291 41 -1 0
290 41 -1 0
289 41 -1 0
288 41 -1 0
287 41 -1 0
286 41 -1 0
285 41 -1 0
284 41 -1 0
283 41 -1 0
282 41 -1 0
281 41 -1 0
280 41 -1 0
291 40 -1 0
290 40 -1 0
289 40 -1 0
288 40 -1 0
287 40 -1 0
286 40 -1 0
285 40 -1 0
284 40 -1 0
283 40 -1 0
282 40 -1 0
281 40 -1 0
280 40 -1 0
291 39 -1 0
290 39 -1 0
289 39 -1 0
288 39 -1 0
287 39 -1 0
286 39 -1 0
285 39 -1 0
284 39 -1 0
283 39 -1 0
282 39 -1 0
281 39 -1 0
280 39 -1 0
292 38 -1 0
291 38 -1 0
290 38 -1 0
289 38 -1 0
288 38 -1 0
287 38 -1 0
286 38 -1 0
285 38 -1 0
284 38 -1 0
283 38 -1 0
282 38 -1 0
281 38 -1 0
280 38 -1 0
291 37 -1 0
290 37 -1 0
289 37 -1 0
288 37 -1 0
287 37 -1 0
286 37 -1 0
285 37 -1 0
284 37 -1 0
283 37 -1 0
282 37 -1 0
281 37 -1 0
292 36 -1 0
291 36 -1 0
290 36 -1 0
289 36 -1 0
288 36 -1 0
287 36 -1 0
286 36 -1 0
285 36 -1 0
284 36 -1 0
283 36 -1 0
282 36 -1 0
281 36 -1 0
292 35 -1 0
291 35 -1 0
290 35 -1 0
289 35 -1 0
288 35 -1 0
287 35 -1 0
286 35 -1 0
285 35 -1 0
284 35 -1 0
283 35 -1 0
282 35 -1 0
281 35 -1 0
292 34 -1 0
291 34 -1 0
290 34 -1 0
289 34 -1 0
288 34 -1 0
287 34 -1 0
286 34 -1 0
285 34 -1 0
284 34 -1 0
283 34 -1 0
282 34 -1 0
292 33 -1 0
291 33 -1 0
290 33 -1 0
289 33 -1 0
288 33 -1 0
287 33 -1 0
286 33 -1 0
285 33 -1 0
284 33 -1 0
283 33 -1 0
293 32 -1 0
292 32 -1 0
291 32 -1 0
290 32 -1 0
289 32 -1 0
288 32 -1 0
287 32 -1 0
286 32 -1 0
285 32 -1 0
284 32 -1 0
283 32 -1 0
293 31 -1 0
292 31 -1 0
291 31 -1 0
290 31 -1 0
289 31 -1 0
288 31 -1 0
287 31 -1 0
286 31 -1 0
285 31 -1 0
284 31 -1 0
283 31 -1 0
293 30 -1 0
292 30 -1 0
291 30 -1 0
290 30 -1 0
289 30 -1 0
288 30 -1 0
287 30 -1 0
286 30 -1 0
285 30 -1 0
284 30 -1 0
294 29 -1 0
293 29 -1 0
292 29 -1 0
291 29 -1 0
290 29 -1 0
289 29 -1 0
288 29 -1 0
287 29 -1 0
286 29 -1 0
285 29 -1 0
284 29 -1 0
283 29 -1 0
294 28 -1 0
293 28 -1 0
292 28 -1 0
291 28 -1 0
290 28 -1 0
289 28 -1 0
288 28 -1 0
287 28 -1 0
286 28 -1 0
285 28 -1 0
284 28 -1 0
294 27 -1 0
293 27 -1 0
292 27 -1 0
291 27 -1 0
290 27 -1 0
289 27 -1 0
288 27 -1 0
287 27 -1 0
286 27 -1 0
285 27 -1 0
284 27 -1 0
294 26 -1 0
293 26 -1 0
292 26 -1 0
291 26 -1 0
290 26 -1 0
289 26 -1 0
288 26 -1 0
287 26 -1 0
286 26 -1 0
285 26 -1 0
284 26 -1 0
294 25 -1 0
293 25 -1 0
292 25 -1 0
291 25 -1 0
290 25 -1 0
289 25 -1 0
288 25 -1 0
287 25 -1 0
286 25 -1 0
285 25 -1 0
284 25 -1 0
295 24 -1 0
294 24 -1 0
293 24 -1 0
292 24 -1 0
291 24 -1 0
290 24 -1 0
289 24 -1 0
288 24 -1 0
287 24 -1 0
286 24 -1 0
285 24 -1 0
284 24 -1 0
294 23 -1 0
293 23 -1 0
292 23 -1 0
291 23 -1 0
290 23 -1 0
289 23 -1 0
288 23 -1 0
287 23 -1 0
286 23 -1 0
285 23 -1 0
295 22 -1 0
294 22 -1 0
293 22 -1 0
292 22 -1 0
291 22 -1 0
290 22 -1 0
289 22 -1 0
288 22 -1 0
287 22 -1 0
286 22 -1 0
285 22 -1 0
295 21 -1 0
294 21 -1 0
293 21 -1 0
292 21 -1 0
291 21 -1 0
290 21 -1 0
289 21 -1 0
288 21 -1 0
287 21 -1 0
286 21 -1 0
285 21 -1 0
294 20 -1 0
293 20 -1 0
292 20 -1 0
291 20 -1 0
290 20 -1 0
289 20 -1 0
288 20 -1 0
287 20 -1 0
286 20 -1 0
294 19 -1 0
293 19 -1 0
292 19 -1 0
291 19 -1 0
290 19 -1 0
289 19 -1 0
288 19 -1 0
287 19 -1 0
286 19 -1 0
294 18 -1 0
293 18 -1 0
292 18 -1 0
291 18 -1 0
290 18 -1 0
289 18 -1 0
288 18 -1 0
287 18 -1 0
286 18 -1 0
293 17 -1 0
292 17 -1 0
291 17 -1 0
290 17 -1 0
289 17 -1 0
288 17 -1 0
287 17 -1 0
290 16 -1 0
